0.0100, 1.000, 0.027674300134181977, 0.1260
0.0100, 0.999, 0.02683776479959488, 0.1087
0.0100, 0.999, 0.023182300478219987, 0.0569
0.0100, 0.998, 0.027443106487393377, 0.0748
0.0100, 0.998, 0.01777086544036865, 0.0739
0.0100, 0.997, 0.020077683165669442, 0.1027
0.0100, 0.997, 0.020061424732208254, 0.1111
0.0100, 0.996, 0.017071614876389505, 0.0815
0.0100, 0.996, 0.012973062247037887, 0.0735
0.0100, 0.995, 0.016331369176506995, 0.0682
0.0100, 0.995, 0.018422778934240342, 0.0835
0.0100, 0.994, 0.013029723092913628, 0.0666
0.0100, 0.994, 0.01930578975379467, 0.0912
0.0100, 0.993, 0.010700879164040089, 0.0602
0.0100, 0.993, 0.012884954161942005, 0.0616
0.0100, 0.993, 0.012826838187873363, 0.0641
0.0100, 0.992, 0.015714608006179333, 0.0888
0.0100, 0.992, 0.012371802687644958, 0.0668
0.0100, 0.991, 0.009803161524236203, 0.0631
0.0100, 0.991, 0.010347410574555398, 0.0605
0.0100, 0.990, 0.011496108084917068, 0.0575
0.0100, 0.990, 0.009964899979531766, 0.0621
0.0100, 0.989, 0.012625506766140462, 0.0665
0.0100, 0.989, 0.01178824795037508, 0.0622
0.0100, 0.988, 0.012254996113479138, 0.0687
0.0100, 0.988, 0.007487664252519607, 0.0693
0.0100, 0.987, 0.013503662467002868, 0.0588
0.0100, 0.987, 0.012334858775138855, 0.0739
0.0100, 0.987, 0.013085516713559628, 0.0819
0.0100, 0.986, 0.01634461735188961, 0.1014
0.0100, 0.986, 0.011633505716919899, 0.0636
0.0100, 0.985, 0.0116808899641037, 0.0657
0.0100, 0.985, 0.012469674922525882, 0.0669
0.0100, 0.984, 0.012595351859927177, 0.0634
0.0100, 0.984, 0.012989724889397621, 0.0665
0.0100, 0.983, 0.011277525052428246, 0.0702
0.0100, 0.983, 0.01160878412425518, 0.0635
0.0100, 0.982, 0.011046591997146606, 0.0627
0.0100, 0.982, 0.011188490122556686, 0.0724
0.0100, 0.981, 0.012160412900149822, 0.0632
0.0100, 0.981, 0.011289748780429364, 0.0556
0.0100, 0.981, 0.013089236505329609, 0.0599
0.0100, 0.980, 0.011326419942080975, 0.0562
0.0100, 0.980, 0.00942954172939062, 0.0687
0.0100, 0.979, 0.01211805447191, 0.0614
0.0100, 0.979, 0.010770087540149688, 0.0587
0.0100, 0.978, 0.013187278710305691, 0.0842
0.0100, 0.978, 0.011430053077638148, 0.0628
0.0100, 0.977, 0.011294164784252644, 0.0910
0.0100, 0.977, 0.010086639091372489, 0.0562
0.0100, 0.976, 0.012203482836484909, 0.0627
0.0100, 0.976, 0.010405883781611919, 0.0543
0.0100, 0.975, 0.009699952147901059, 0.0621
0.0100, 0.975, 0.01117157842218876, 0.0537
0.0100, 0.975, 0.010303869448602199, 0.0584
0.0100, 0.974, 0.010059451833367348, 0.0531
0.0100, 0.974, 0.011010877460241318, 0.0538
0.0100, 0.973, 0.013147021055221558, 0.0838
0.0100, 0.973, 0.012128628052771092, 0.0596
0.0100, 0.972, 0.011342199981212615, 0.0550
0.0100, 0.972, 0.010245184406638146, 0.0525
0.0100, 0.971, 0.010889053300023079, 0.0561
0.0100, 0.971, 0.013832265764474869, 0.0807
0.0100, 0.970, 0.012648302994668483, 0.0749
0.0100, 0.970, 0.012031318672001362, 0.0654
0.0100, 0.969, 0.011843555502593518, 0.0671
0.0100, 0.969, 0.010913037367165089, 0.0897
0.0100, 0.969, 0.010910908877849578, 0.0579
0.0100, 0.968, 0.011635923892259597, 0.0638
0.0100, 0.968, 0.010933900825679303, 0.0538
0.0100, 0.967, 0.011083132892847061, 0.0647
0.0100, 0.967, 0.012076861679553985, 0.0555
0.0100, 0.966, 0.010980167120695114, 0.0589
0.0100, 0.966, 0.011621506065130233, 0.0590
0.0100, 0.965, 0.011632066190242768, 0.0569
0.0100, 0.965, 0.01227545603364706, 0.0601
0.0100, 0.964, 0.010732748478651046, 0.0608
0.0100, 0.964, 0.011469415344297886, 0.0559
0.0100, 0.963, 0.011383534885942936, 0.0543
0.0100, 0.963, 0.011242192454636098, 0.0599
0.0100, 0.963, 0.01135952264815569, 0.0584
0.0100, 0.962, 0.01066139291971922, 0.0774
0.0100, 0.962, 0.011602522082626819, 0.0640
0.0100, 0.961, 0.011779678747057916, 0.0665
0.0100, 0.961, 0.010892366915941238, 0.0568
0.0100, 0.960, 0.011683832727372646, 0.0695
0.0100, 0.960, 0.01018421609699726, 0.0540
0.0100, 0.959, 0.009760428629815578, 0.0607
0.0100, 0.959, 0.011364767707884312, 0.0582
0.0100, 0.958, 0.009450798995792866, 0.0511
0.0100, 0.958, 0.010914983183145523, 0.0555
0.0100, 0.957, 0.011108078718185425, 0.0586
0.0100, 0.957, 0.009965671218931675, 0.0590
0.0100, 0.957, 0.011115761265158654, 0.0555
0.0100, 0.956, 0.010711722739040851, 0.0529
0.0100, 0.956, 0.01018202155083418, 0.0716
0.0100, 0.955, 0.013049009330570698, 0.0741
0.0100, 0.955, 0.011821246534585952, 0.0578
0.0100, 0.954, 0.00867952336743474, 0.0667
0.0100, 0.954, 0.01094373195618391, 0.0571
0.0100, 0.953, 0.008132936950773, 0.0552
0.0100, 0.953, 0.010684169754385948, 0.0479
0.0100, 0.952, 0.013253341101109982, 0.0889
0.0100, 0.952, 0.010393598526716232, 0.0591
0.0100, 0.951, 0.009866253919899464, 0.0553
0.0100, 0.951, 0.011486673600971699, 0.0558
0.0100, 0.951, 0.009901050828397274, 0.0597
0.0100, 0.950, 0.009967177592217923, 0.0484
0.0100, 0.950, 0.01238664322346449, 0.0604
0.0100, 0.949, 0.008774134308099747, 0.0604
0.0100, 0.949, 0.010579060323536397, 0.0506
0.0100, 0.948, 0.011262094475328922, 0.0594
0.0100, 0.948, 0.011082927569746971, 0.0520
0.0100, 0.947, 0.010695410974323749, 0.0549
0.0100, 0.947, 0.010055725790560245, 0.0544
0.0100, 0.946, 0.01237626790255308, 0.0632
0.0100, 0.946, 0.010490498960018158, 0.0546
0.0100, 0.945, 0.011475255966186523, 0.0644
0.0100, 0.945, 0.0108200858309865, 0.0592
0.0100, 0.944, 0.011420314274728298, 0.0561
0.0100, 0.944, 0.01146102475374937, 0.0606
0.0100, 0.944, 0.011300031423568726, 0.0602
0.0100, 0.943, 0.011346972182393073, 0.0615
0.0100, 0.943, 0.010768963217735291, 0.0581
0.0100, 0.942, 0.01058830202370882, 0.0601
0.0100, 0.942, 0.01166512630134821, 0.0671
0.0100, 0.941, 0.011426754124462604, 0.0644
0.0100, 0.941, 0.009684745863080024, 0.0789
0.0100, 0.940, 0.01350547717511654, 0.0782
0.0100, 0.940, 0.011695201560854912, 0.0620
0.0100, 0.939, 0.012728997267782689, 0.0670
0.0100, 0.939, 0.01221082130074501, 0.0663
0.0100, 0.938, 0.01058836966007948, 0.0750
0.0100, 0.938, 0.01191836804896593, 0.0568
0.0100, 0.937, 0.011600525073707103, 0.0563
0.0100, 0.937, 0.01268054634332657, 0.0732
0.0100, 0.937, 0.010400231517851353, 0.0719
0.0100, 0.936, 0.011459952510893346, 0.0672
0.0100, 0.936, 0.010908567033708096, 0.0547
0.0100, 0.935, 0.010772747404873372, 0.0581
0.0100, 0.935, 0.011709313154220581, 0.0693
0.0100, 0.934, 0.010804487831890582, 0.0547
0.0100, 0.934, 0.01058102060854435, 0.0519
0.0100, 0.933, 0.011531176164746285, 0.0586
0.0100, 0.933, 0.010803015723824501, 0.0571
0.0100, 0.932, 0.011293106444180011, 0.0560
0.0100, 0.932, 0.012019654072821141, 0.0771
0.0100, 0.932, 0.010694176718592643, 0.0609
0.0100, 0.931, 0.011333596095442771, 0.0565
0.0100, 0.931, 0.009399289898574352, 0.0537
0.0100, 0.930, 0.010676774263381959, 0.0632
0.0100, 0.930, 0.00976191821694374, 0.0559
0.0100, 0.929, 0.009420729652047157, 0.0484
0.0100, 0.929, 0.00997907142341137, 0.0502
0.0100, 0.928, 0.009895452696830034, 0.0526
0.0100, 0.928, 0.008729867484420537, 0.0531
0.0100, 0.927, 0.011450077913701534, 0.0666
0.0100, 0.927, 0.009631438843905925, 0.0638
0.0100, 0.926, 0.010900087632238865, 0.0620
0.0100, 0.926, 0.013805565752089024, 0.0907
0.0100, 0.926, 0.01083720126003027, 0.0652
0.0100, 0.925, 0.010328615397214889, 0.0641
0.0100, 0.925, 0.009976531326770783, 0.0683
0.0100, 0.924, 0.012620142541825771, 0.0730
0.0100, 0.924, 0.012541161380708217, 0.0870
0.0100, 0.923, 0.009992646738886833, 0.0725
0.0100, 0.923, 0.011083241909742355, 0.0733
0.0100, 0.922, 0.010801991678774357, 0.0558
0.0100, 0.922, 0.011711727172136307, 0.0756
0.0100, 0.921, 0.010972917295992375, 0.0538
0.0100, 0.921, 0.010383197337388992, 0.0495
0.0100, 0.920, 0.01133690533041954, 0.0596
0.0100, 0.920, 0.009940803520381451, 0.0550
0.0100, 0.920, 0.01022330080717802, 0.0553
0.0100, 0.919, 0.011595551937818527, 0.0542
0.0100, 0.919, 0.010919263027608395, 0.0698
0.0100, 0.918, 0.009928338639438152, 0.0528
0.0100, 0.918, 0.009599281243979931, 0.0617
0.0100, 0.917, 0.008897727206349373, 0.0473
0.0100, 0.917, 0.010635975383222102, 0.0533
0.0100, 0.916, 0.009605015128850937, 0.0554
0.0100, 0.916, 0.009943018965423107, 0.0630
0.0100, 0.915, 0.010334732912480831, 0.0518
0.0100, 0.915, 0.010492631413042545, 0.0537
0.0100, 0.915, 0.011990896932780742, 0.0628
0.0100, 0.914, 0.010780287593603135, 0.0702
0.0100, 0.914, 0.010078766085207462, 0.0734
0.0100, 0.913, 0.010923370964825154, 0.0553
0.0100, 0.913, 0.009096471302211284, 0.0702
0.0100, 0.912, 0.01045217950642109, 0.0653
0.0100, 0.912, 0.009081885986030101, 0.0508
0.0100, 0.911, 0.011297462716698646, 0.0684
0.0100, 0.911, 0.010605179063975812, 0.0485
0.0100, 0.910, 0.010056707046926022, 0.0480
0.0100, 0.910, 0.010300563372671604, 0.0558
0.0100, 0.909, 0.010507001299411059, 0.0509
0.0100, 0.909, 0.01233839376270771, 0.0837
0.0100, 0.908, 0.012185028575360775, 0.0946
0.0100, 0.908, 0.010805083192884922, 0.0800
0.0100, 0.908, 0.010330315716564654, 0.0583
0.0100, 0.907, 0.009675034992396832, 0.0581
0.0100, 0.907, 0.010221370458602906, 0.0544
0.0100, 0.906, 0.010349743761122228, 0.0551
0.0100, 0.906, 0.011142063826322556, 0.0556
0.0100, 0.905, 0.009739792123436928, 0.0502
0.0100, 0.905, 0.010548747524619102, 0.0527
0.0100, 0.904, 0.01142654263973236, 0.0665
0.0100, 0.904, 0.010347464233636855, 0.0570
0.0100, 0.903, 0.009881714947521686, 0.0514
0.0100, 0.903, 0.010856931202113628, 0.0656
0.0100, 0.902, 0.010241783306002616, 0.0533
0.0100, 0.902, 0.010593705482780933, 0.0535
0.0100, 0.901, 0.010465761683881282, 0.0863
0.0100, 0.901, 0.011166149184107781, 0.0647
0.0100, 0.901, 0.010893311783671379, 0.0747
0.0100, 0.900, 0.009051786437630653, 0.0655
0.0100, 0.900, 0.009861624285578728, 0.0663
0.0100, 0.899, 0.009600565701723098, 0.0670
0.0100, 0.899, 0.009350692465901375, 0.0572
0.0100, 0.898, 0.010581733494997024, 0.0565
0.0100, 0.898, 0.011862436152994633, 0.0702
0.0100, 0.897, 0.009962352015078068, 0.0549
0.0100, 0.897, 0.010779912598431111, 0.0536
0.0100, 0.896, 0.008377217039465904, 0.0595
0.0100, 0.896, 0.012296693794429303, 0.0758
0.0100, 0.895, 0.010390213966369629, 0.0509
0.0100, 0.895, 0.010630285322666168, 0.0601
0.0100, 0.894, 0.011883901983499527, 0.0687
0.0100, 0.894, 0.009693019822239876, 0.0496
0.0100, 0.894, 0.00936375543475151, 0.0629
0.0100, 0.893, 0.008594405122101308, 0.0494
0.0100, 0.893, 0.009711780220270156, 0.0691
0.0100, 0.892, 0.010281740076839924, 0.0706
0.0100, 0.892, 0.00904756534844637, 0.0585
0.0100, 0.891, 0.009833799928426742, 0.0564
0.0100, 0.891, 0.010409777879714966, 0.0534
0.0100, 0.890, 0.00910046662390232, 0.0614
0.0100, 0.890, 0.00851066279411316, 0.0697
0.0100, 0.889, 0.008742188211530447, 0.0448
0.0100, 0.889, 0.009786103695631028, 0.0504
0.0100, 0.888, 0.011917911939322949, 0.0807
0.0100, 0.888, 0.009790965422987939, 0.0502
0.0100, 0.887, 0.008815200671553612, 0.0581
0.0100, 0.887, 0.009122064344584941, 0.0510
0.0100, 0.887, 0.010198483511805535, 0.0515
0.0100, 0.886, 0.00966165453195572, 0.0551
0.0100, 0.886, 0.010129501275718213, 0.0513
0.0100, 0.885, 0.011398075424134731, 0.0633
0.0100, 0.885, 0.01096906752884388, 0.0563
0.0100, 0.884, 0.011328952230513096, 0.0659
0.0100, 0.884, 0.01015716565400362, 0.0824
0.0100, 0.883, 0.011013329312205314, 0.0523
0.0100, 0.883, 0.0122207854911685, 0.0866
0.0100, 0.882, 0.009419930413365364, 0.0549
0.0100, 0.882, 0.011282877504825591, 0.0567
0.0100, 0.881, 0.010184475742280484, 0.0712
0.0100, 0.881, 0.010955932781100273, 0.0552
0.0100, 0.881, 0.009970586493611336, 0.0827
0.0100, 0.880, 0.010784561835229398, 0.0597
0.0100, 0.880, 0.010799775332212448, 0.0858
0.0100, 0.879, 0.010431684255599975, 0.0632
0.0100, 0.879, 0.009667775511741639, 0.0549
0.0100, 0.878, 0.009365655817091464, 0.0561
0.0100, 0.878, 0.010845532774925231, 0.0621
0.0100, 0.877, 0.010940374583005905, 0.0609
0.0100, 0.877, 0.00946205522119999, 0.0599
0.0100, 0.876, 0.010769961312413215, 0.0824
0.0100, 0.876, 0.008693984270095826, 0.0498
0.0100, 0.875, 0.009665270820260047, 0.0546
0.0100, 0.875, 0.010776236109435558, 0.0554
0.0100, 0.875, 0.009537910461425781, 0.0525
0.0100, 0.874, 0.010100246906280518, 0.0601
0.0100, 0.874, 0.010179524317383766, 0.0702
0.0100, 0.873, 0.010605781957507134, 0.0562
0.0100, 0.873, 0.009607966758310795, 0.0516
0.0100, 0.872, 0.010365547351539136, 0.0519
0.0100, 0.872, 0.009182990148663521, 0.0490
0.0100, 0.871, 0.009889819145202637, 0.0564
0.0100, 0.871, 0.009808524124324322, 0.0559
0.0100, 0.870, 0.010063405081629753, 0.0537
0.0100, 0.870, 0.011523555561900139, 0.0564
0.0100, 0.869, 0.00957725588977337, 0.0530
0.0100, 0.869, 0.009895450390875339, 0.0543
0.0100, 0.868, 0.010277004554867745, 0.0674
0.0100, 0.868, 0.010207517184317111, 0.0513
0.0100, 0.868, 0.009775019086897372, 0.0525
0.0100, 0.867, 0.00920731820166111, 0.0501
0.0100, 0.867, 0.01124166326969862, 0.0533
0.0100, 0.866, 0.00906162977218628, 0.0495
0.0100, 0.866, 0.00977822856605053, 0.0521
0.0100, 0.865, 0.010414823651313783, 0.0527
0.0100, 0.865, 0.009557479120790958, 0.0494
0.0100, 0.864, 0.009723598651587962, 0.0503
0.0100, 0.864, 0.008712951689958573, 0.0506
0.0100, 0.863, 0.009678238935768604, 0.0531
0.0100, 0.870, 0.014747266061604022, 0.1139
0.0100, 0.869, 0.015118309415876866, 0.1113
0.0100, 0.869, 0.01842214384675026, 0.1438
0.0100, 0.868, 0.009157434538006782, 0.0681
0.0100, 0.868, 0.009337609179317951, 0.0546
0.0100, 0.868, 0.00984976090490818, 0.0522
0.0100, 0.867, 0.009292445920407772, 0.0471
0.0100, 0.867, 0.0096978809684515, 0.0491
0.0100, 0.866, 0.009466559745371342, 0.0485
0.0100, 0.866, 0.008998260781168938, 0.0480
0.0100, 0.866, 0.009585551738739014, 0.0467
0.0100, 0.865, 0.009791568301618099, 0.0471
0.0100, 0.865, 0.009812118723988532, 0.0459
0.0100, 0.865, 0.011566112719476223, 0.0748
0.0100, 0.864, 0.01068012272566557, 0.0686
0.0100, 0.864, 0.00847454995661974, 0.0641
0.0100, 0.863, 0.010665303818881512, 0.0606
0.0100, 0.863, 0.009384460881352424, 0.0497
0.0100, 0.863, 0.009941767811775207, 0.0651
0.0100, 0.862, 0.009524138025939464, 0.0483
0.0100, 0.862, 0.007949846617877484, 0.0460
0.0100, 0.861, 0.009557235270738602, 0.0698
0.0100, 0.861, 0.010667704038321972, 0.0503
0.0100, 0.861, 0.010997535869479179, 0.0644
0.0100, 0.860, 0.009365006394684315, 0.0482
0.0100, 0.860, 0.009954969681799411, 0.0539
0.0100, 0.859, 0.01127856158465147, 0.0601
0.0100, 0.859, 0.010101841188967228, 0.0562
0.0100, 0.859, 0.009978561848402023, 0.0697
0.0100, 0.858, 0.009691707767546177, 0.0537
0.0100, 0.858, 0.008320442624390125, 0.0569
0.0100, 0.857, 0.008775294959545136, 0.0501
0.0100, 0.857, 0.009462226971983909, 0.0590
0.0100, 0.857, 0.00993469101935625, 0.0480
0.0100, 0.856, 0.008697145722806453, 0.0480
0.0100, 0.856, 0.010226033173501492, 0.0489
0.0100, 0.855, 0.009228859215974808, 0.0530
0.0100, 0.855, 0.00916093984991312, 0.0489
0.0100, 0.855, 0.008995734430849552, 0.0490
0.0100, 0.854, 0.009856231987476349, 0.0606
0.0100, 0.854, 0.008750520348548889, 0.0486
0.0100, 0.853, 0.009235235825181008, 0.0495
0.0100, 0.853, 0.009266266208142042, 0.0479
0.0100, 0.853, 0.010799129091203213, 0.0830
0.0100, 0.852, 0.010666293695569038, 0.0632
0.0100, 0.852, 0.008892942629754543, 0.0592
0.0100, 0.851, 0.0097308037430048, 0.0640
0.0100, 0.851, 0.009710914485156536, 0.0481
0.0100, 0.851, 0.010085561357438565, 0.0696
0.0100, 0.850, 0.01046055018156767, 0.0633
0.0100, 0.850, 0.010144224725663661, 0.0502
0.0100, 0.849, 0.009868077114224433, 0.0647
0.0100, 0.849, 0.008902660895138978, 0.0443
0.0100, 0.849, 0.01050458361953497, 0.0808
0.0100, 0.848, 0.009382328189909458, 0.0620
0.0100, 0.848, 0.011041175790131093, 0.0885
0.0100, 0.847, 0.00991906849294901, 0.0623
0.0100, 0.847, 0.008789197862148285, 0.0497
0.0100, 0.847, 0.009052809670567513, 0.0477
0.0100, 0.846, 0.0105885329246521, 0.0793
0.0100, 0.846, 0.009554792128503322, 0.0693
0.0100, 0.845, 0.009072004660964013, 0.0496
0.0100, 0.845, 0.00837808208912611, 0.0435
0.0100, 0.845, 0.009815712206065655, 0.0522
0.0100, 0.844, 0.008460879236459731, 0.0465
0.0100, 0.844, 0.007631948258727789, 0.0646
0.0100, 0.843, 0.009285788245499135, 0.0486
0.0100, 0.843, 0.010903969459235668, 0.0584
0.0100, 0.843, 0.011059515796601773, 0.0724
0.0100, 0.842, 0.009562349937856197, 0.0449
0.0100, 0.842, 0.008613426439464092, 0.0552
0.0100, 0.842, 0.009415731720626354, 0.0478
0.0100, 0.841, 0.009970484048128128, 0.0549
0.0100, 0.841, 0.010868985831737519, 0.0592
0.0100, 0.840, 0.009577477648854256, 0.0567
0.0100, 0.840, 0.010111592188477516, 0.0533
0.0100, 0.839, 0.010480985663831235, 0.0674
0.0100, 0.839, 0.009084151990711688, 0.0492
0.0100, 0.839, 0.0090061092749238, 0.0568
0.0100, 0.838, 0.009002185322344303, 0.0488
0.0100, 0.838, 0.009103570438921451, 0.0491
0.0100, 0.837, 0.007907914619892835, 0.0435
0.0100, 0.870, 0.011748842895030975, 0.0819
0.0100, 0.869, 0.022379440948367118, 0.1688
0.0100, 0.869, 0.011888618648052216, 0.0958
0.0100, 0.868, 0.010807519510388374, 0.0746
0.0100, 0.868, 0.009169588886201382, 0.0506
0.0100, 0.868, 0.0115171312764287, 0.0535
0.0100, 0.867, 0.009298470817506314, 0.0580
0.0100, 0.867, 0.0090438539609313, 0.0451
0.0100, 0.866, 0.008978908278048038, 0.0477
0.0100, 0.866, 0.009762766115367413, 0.0584
0.0100, 0.866, 0.008432080097496509, 0.0477
0.0100, 0.865, 0.009349809817969798, 0.0485
0.0100, 0.865, 0.009171191722154618, 0.0503
0.0100, 0.864, 0.00926150617748499, 0.0567
0.0100, 0.864, 0.010498718969523906, 0.0486
0.0100, 0.864, 0.009050405621528625, 0.0455
0.0100, 0.863, 0.008390238527208566, 0.0494
0.0100, 0.863, 0.008735007710754871, 0.0490
0.0100, 0.862, 0.009065693967044354, 0.0530
0.0100, 0.862, 0.00931197015941143, 0.0478
0.0100, 0.862, 0.009208087451756001, 0.0602
0.0100, 0.861, 0.008636647768318653, 0.0441
0.0100, 0.861, 0.010106113985180855, 0.0516
0.0100, 0.861, 0.009168209977447987, 0.0445
0.0100, 0.860, 0.009732360254973173, 0.0466
0.0100, 0.860, 0.009075935415923596, 0.0455
0.0100, 0.859, 0.009915443137288094, 0.0506
0.0100, 0.859, 0.01064793759584427, 0.0492
0.0100, 0.859, 0.00961159722507, 0.0514
0.0100, 0.858, 0.008097619459033012, 0.0436
0.0100, 0.858, 0.008915608055889606, 0.0503
0.0100, 0.857, 0.011994505420327187, 0.0574
0.0100, 0.857, 0.010101733081042766, 0.0618
0.0100, 0.857, 0.009249761648476124, 0.0447
0.0100, 0.856, 0.008935911990702152, 0.0448
0.0100, 0.856, 0.009519301302731037, 0.0468
0.0100, 0.855, 0.009573199801146985, 0.0487
0.0100, 0.855, 0.010138247050344945, 0.0475
0.0100, 0.855, 0.009062456808984279, 0.0531
0.0100, 0.854, 0.00835776899009943, 0.0452
0.0100, 0.854, 0.009010535567998886, 0.0517
0.0100, 0.853, 0.011173510544002056, 0.0588
0.0100, 0.853, 0.010953745916485786, 0.0581
0.0100, 0.853, 0.010661619737744332, 0.0545
0.0100, 0.852, 0.008527339212596416, 0.0470
0.0100, 0.852, 0.010031397856771946, 0.0492
0.0100, 0.851, 0.009083424903452396, 0.0484
0.0100, 0.851, 0.00980775248631835, 0.0509
0.0100, 0.851, 0.00842359209805727, 0.0460
0.0100, 0.850, 0.009660352841019631, 0.0631
0.0100, 0.850, 0.008981664288789035, 0.0480
0.0100, 0.849, 0.009188154734671116, 0.0466
0.0100, 0.849, 0.008826777599751949, 0.0532
0.0100, 0.849, 0.009316025115549565, 0.0516
0.0100, 0.848, 0.009916592702269553, 0.0499
0.0100, 0.848, 0.009605563402175903, 0.0470
0.0100, 0.847, 0.011404985807836056, 0.0625
0.0100, 0.847, 0.009088627003133298, 0.0558
0.0100, 0.847, 0.00886411740258336, 0.0451
0.0100, 0.846, 0.008783202573657035, 0.0582
0.0100, 0.846, 0.008160933792591096, 0.0474
0.0100, 0.845, 0.010373659059405326, 0.0629
0.0100, 0.845, 0.009535515017807484, 0.0535
0.0100, 0.845, 0.008875957153737546, 0.0513
0.0100, 0.844, 0.009320930823683739, 0.0468
0.0100, 0.844, 0.00924584612250328, 0.0446
0.0100, 0.844, 0.010740951731801033, 0.0725
0.0100, 0.843, 0.012847841739654541, 0.0633
0.0100, 0.843, 0.00989748727530241, 0.0558
0.0100, 0.842, 0.0094518837146461, 0.0596
0.0100, 0.842, 0.009039234153926372, 0.0480
0.0100, 0.842, 0.01088744955509901, 0.0603
0.0100, 0.841, 0.009748085036873817, 0.0717
0.0100, 0.841, 0.009255307517945767, 0.0631
0.0100, 0.840, 0.009627384789288044, 0.0682
0.0100, 0.840, 0.009695442646741867, 0.0560
0.0100, 0.840, 0.010719552829861641, 0.0553
0.0100, 0.839, 0.009844790622591972, 0.0638
0.0100, 0.839, 0.009914997056126595, 0.0507
0.0100, 0.838, 0.008655854940414428, 0.0545
0.0100, 0.838, 0.012107963055372237, 0.0497
0.0100, 0.838, 0.011255880102515221, 0.0838
0.0100, 0.837, 0.010416851952672005, 0.0742
0.0100, 0.837, 0.011243223458528519, 0.0597
0.0100, 0.836, 0.010575385987758637, 0.0503
0.0100, 0.836, 0.010224858298897743, 0.0557
0.0100, 0.836, 0.00932994931191206, 0.0596
0.0100, 0.835, 0.010341870099306106, 0.0566
0.0100, 0.835, 0.009691620737314225, 0.0552
0.0100, 0.834, 0.010828910373151302, 0.0531
0.0100, 0.834, 0.009459859922528267, 0.0533
0.0100, 0.834, 0.008998217798769474, 0.0575
0.0100, 0.833, 0.009077086072415114, 0.0505
0.0100, 0.833, 0.009483951769769192, 0.0566
0.0100, 0.832, 0.00924311652034521, 0.0551
0.0100, 0.832, 0.008163793321698904, 0.0549
0.0100, 0.832, 0.00901593454182148, 0.0458
0.0100, 0.831, 0.008967601805925368, 0.0459
0.0100, 0.831, 0.009132198922336101, 0.0681
0.0100, 0.830, 0.01048796919733286, 0.0665
0.0100, 0.830, 0.00861525383591652, 0.0513
0.0100, 0.830, 0.009143905699253082, 0.0581
0.0100, 0.829, 0.013118786990642547, 0.0644
0.0100, 0.829, 0.010066609784960746, 0.0513
0.0100, 0.828, 0.009078730158507823, 0.0563
0.0100, 0.828, 0.010320288971066474, 0.0601
0.0100, 0.828, 0.008616227112710475, 0.0457
0.0100, 0.827, 0.009485966704785824, 0.0543
0.0100, 0.827, 0.008719072811305522, 0.0452
0.0100, 0.826, 0.009663492619991302, 0.0496
0.0100, 0.826, 0.009065864570438863, 0.0551
0.0100, 0.826, 0.009093725830316543, 0.0605
0.0100, 0.825, 0.008135153524577618, 0.0474
0.0100, 0.825, 0.010747260265052318, 0.0660
0.0100, 0.824, 0.009360868766903877, 0.0490
0.0100, 0.824, 0.010970984131097794, 0.0513
0.0100, 0.824, 0.00782751153036952, 0.0475
0.0100, 0.823, 0.008755036190152169, 0.0576
0.0100, 0.823, 0.0112926679328084, 0.0766
0.0100, 0.822, 0.009670073054730893, 0.0506
0.0100, 0.822, 0.009739395402371884, 0.0566
0.0100, 0.822, 0.01077168557792902, 0.0633
0.0100, 0.821, 0.010558418340981007, 0.0735
0.0100, 0.821, 0.009455311901867389, 0.0510
0.0100, 0.820, 0.008160717524588109, 0.0708
0.0100, 0.820, 0.009923532538115978, 0.0614
0.0100, 0.820, 0.00990617848187685, 0.0656
0.0100, 0.819, 0.008959073975682259, 0.0520
0.0100, 0.819, 0.009777287550270557, 0.0501
0.0100, 0.818, 0.010002533234655856, 0.0699
0.0100, 0.818, 0.010253650449216365, 0.0616
0.0100, 0.818, 0.010917487509548664, 0.0765
0.0100, 0.817, 0.00852493866533041, 0.0517
0.0100, 0.817, 0.009391568042337895, 0.0465
0.0100, 0.816, 0.00988704986870289, 0.0538
0.0100, 0.816, 0.007197119046002626, 0.0549
0.0100, 0.816, 0.01008364336937666, 0.0585
0.0100, 0.815, 0.009489087902009486, 0.0561
0.0100, 0.815, 0.009359785385429859, 0.0511
0.0100, 0.815, 0.012424942083656788, 0.0839
0.0100, 0.814, 0.009176345825195312, 0.0475
0.0100, 0.814, 0.008903830341994762, 0.0497
0.0100, 0.813, 0.009861508652567864, 0.0510
0.0100, 0.813, 0.009757043838500977, 0.0632
0.0100, 0.812, 0.01056023382395506, 0.0525
0.0100, 0.812, 0.009257108382880687, 0.0465
0.0100, 0.812, 0.008402661174535751, 0.0465
0.0100, 0.811, 0.00808520644530654, 0.0647
0.0100, 0.811, 0.010628030076622963, 0.0752
0.0100, 0.811, 0.009130312494933606, 0.0586
0.0100, 0.810, 0.010171178109943866, 0.0585
0.0100, 0.810, 0.009189372941851615, 0.0493
0.0100, 0.809, 0.010847541391849519, 0.0572
0.0100, 0.809, 0.009462393388152123, 0.0535
0.0100, 0.809, 0.009783784262835979, 0.0490
0.0100, 0.808, 0.010750854037702083, 0.0521
0.0100, 0.808, 0.00938460236787796, 0.0540
0.0100, 0.807, 0.007675692323595286, 0.0464
0.0100, 0.807, 0.010561466544866562, 0.0709
0.0100, 0.807, 0.008146432373672723, 0.0482
0.0100, 0.806, 0.009266449689865112, 0.0536
0.0100, 0.806, 0.010890918545424939, 0.0553
0.0100, 0.805, 0.010558415077626705, 0.0569
0.0100, 0.805, 0.009442218661308288, 0.0491
0.0100, 0.805, 0.011010884337127208, 0.0598
0.0100, 0.804, 0.009235797680914402, 0.0710
0.0100, 0.804, 0.010872923769056797, 0.0550
0.0100, 0.803, 0.00951554611697793, 0.0518
0.0100, 0.803, 0.010859155811369418, 0.0684
0.0100, 0.803, 0.009886770024895668, 0.0492
0.0100, 0.802, 0.00898514250665903, 0.0510
0.0100, 0.802, 0.009664714388549328, 0.0600
0.0100, 0.801, 0.008911276571452617, 0.0596
0.0100, 0.801, 0.009264062575995923, 0.0474
0.0100, 0.801, 0.008953115239739419, 0.0494
0.0100, 0.800, 0.008773261580616237, 0.0482
0.0100, 0.800, 0.008626832962036132, 0.0467
0.0100, 0.799, 0.009146072410047053, 0.0641
0.0100, 0.799, 0.008974160611629487, 0.0612
0.0100, 0.799, 0.009470447354018688, 0.0550
0.0100, 0.798, 0.009246963180601597, 0.0500
0.0100, 0.798, 0.009272263400256634, 0.0491
0.0100, 0.798, 0.009050749592483044, 0.0456
0.0100, 0.797, 0.008968824580311775, 0.0530
0.0100, 0.797, 0.00946403305605054, 0.0515
0.0100, 0.796, 0.00794603843986988, 0.0487
0.0100, 0.796, 0.007515368245542049, 0.0484
0.0100, 0.796, 0.008756898805499076, 0.0531
0.0100, 0.795, 0.010785365961492061, 0.0544
0.0100, 0.795, 0.009255636066198348, 0.0498
0.0100, 0.794, 0.009353839606046677, 0.0508
0.0100, 0.794, 0.009801956184208394, 0.0519
0.0100, 0.794, 0.009017284780740738, 0.0519
0.0100, 0.793, 0.010625560857355595, 0.0574
0.0100, 0.793, 0.0076155529841780666, 0.0417
0.0100, 0.792, 0.009285702787339688, 0.0513
0.0100, 0.792, 0.007426283929497003, 0.0468
0.0100, 0.792, 0.008889004491269588, 0.0456
0.0100, 0.791, 0.00780101865157485, 0.0608
0.0100, 0.791, 0.009570904798805714, 0.0495
0.0100, 0.790, 0.010069122791290283, 0.0549
0.0100, 0.790, 0.008298449724912643, 0.0465
0.0100, 0.790, 0.008614477135241033, 0.0473
0.0100, 0.789, 0.010337076060473918, 0.0698
0.0100, 0.789, 0.008893027774989605, 0.0510
0.0100, 0.788, 0.008024429686367511, 0.0461
0.0100, 0.788, 0.009219306331127882, 0.0481
0.0100, 0.788, 0.009321301825344562, 0.0460
0.0100, 0.787, 0.009633252955973148, 0.0662
0.0100, 0.787, 0.009630576439201831, 0.0479
0.0100, 0.786, 0.009350933089852333, 0.0569
0.0100, 0.786, 0.010213920645415783, 0.0714
0.0100, 0.786, 0.008240933164954185, 0.0446
0.0100, 0.785, 0.008175414599478245, 0.0489
0.0100, 0.785, 0.00841813562065363, 0.0558
0.0100, 0.784, 0.00924245508760214, 0.0516
0.0100, 0.784, 0.009734182827174663, 0.0648
0.0100, 0.784, 0.008420323878526688, 0.0569
0.0100, 0.783, 0.009331411123275757, 0.0505
0.0100, 0.783, 0.011251721434295177, 0.0683
0.0100, 0.783, 0.010321042992174626, 0.0531
0.0100, 0.782, 0.009057373024523259, 0.0572
0.0100, 0.782, 0.008027863465249538, 0.0517
0.0100, 0.781, 0.008562103942036629, 0.0589
0.0100, 0.781, 0.009670889489352703, 0.0485
0.0100, 0.781, 0.00949295697361231, 0.0627
0.0100, 0.780, 0.01034551575779915, 0.0608
0.0100, 0.780, 0.008900299541652203, 0.0571
0.0100, 0.779, 0.009476728074252606, 0.0463
0.0100, 0.779, 0.008077901370823383, 0.0459
0.0100, 0.779, 0.010027715034782886, 0.0561
0.0100, 0.778, 0.009561067096889019, 0.0603
0.0100, 0.778, 0.00905918513983488, 0.0490
0.0100, 0.777, 0.009885868072509766, 0.0592
0.0100, 0.777, 0.009107261456549168, 0.0475
0.0100, 0.777, 0.008520833186805249, 0.0489
0.0100, 0.776, 0.007814287021756173, 0.0560
0.0100, 0.776, 0.010019637294113636, 0.0757
0.0100, 0.775, 0.007602594554424286, 0.0447
0.0100, 0.775, 0.009704520851373672, 0.0530
0.0100, 0.775, 0.00871072880923748, 0.0624
0.0100, 0.774, 0.009815462112426758, 0.0528
0.0100, 0.774, 0.009025820873677731, 0.0589
0.0100, 0.773, 0.009493983775377274, 0.0651
0.0100, 0.773, 0.009350996538996697, 0.0645
0.0100, 0.773, 0.009705783754587173, 0.0497
0.0100, 0.772, 0.010701551258563995, 0.0680
0.0100, 0.772, 0.010355281181633473, 0.0518
0.0100, 0.771, 0.00919552305340767, 0.0502
0.0100, 0.771, 0.008783416911959649, 0.0457
0.0100, 0.771, 0.008992882579565048, 0.0525
0.0100, 0.770, 0.008796659763902426, 0.0581
0.0100, 0.770, 0.0104111615344882, 0.0637
0.0100, 0.769, 0.009235076233744621, 0.0546
0.0100, 0.769, 0.008152992889285088, 0.0459
0.0100, 0.769, 0.009677392281591892, 0.0500
0.0100, 0.768, 0.009549815140664577, 0.0512
0.0100, 0.768, 0.008901322260499, 0.0469
0.0100, 0.767, 0.00963938657194376, 0.0644
0.0100, 0.767, 0.00841545020788908, 0.0496
0.0100, 0.767, 0.009667023852467536, 0.0663
0.0100, 0.766, 0.008499407120048999, 0.0482
0.0100, 0.766, 0.009591896012425423, 0.0498
0.0100, 0.765, 0.008542748287320137, 0.0446
0.0100, 0.765, 0.008525057397782802, 0.0474
0.0100, 0.765, 0.009578731067478656, 0.0518
0.0100, 0.764, 0.008503379009664058, 0.0466
0.0100, 0.764, 0.00864794297516346, 0.0594
0.0100, 0.764, 0.008575649656355381, 0.0531
0.0100, 0.763, 0.008217097349464894, 0.0462
0.0100, 0.763, 0.009138157062232494, 0.0589
0.0100, 0.762, 0.009372706040740014, 0.0461
0.0100, 0.762, 0.009604906365275383, 0.0488
0.0100, 0.762, 0.008531134188175202, 0.0486
0.0100, 0.761, 0.009702389940619468, 0.0569
0.0100, 0.761, 0.009422521337866783, 0.0472
0.0100, 0.760, 0.009030672274529934, 0.0511
0.0100, 0.760, 0.00952872607856989, 0.0477
0.0100, 0.760, 0.009187341757118703, 0.0502
0.0100, 0.759, 0.009794029831886292, 0.0529
0.0100, 0.759, 0.009307619646191596, 0.0532
0.0100, 0.758, 0.009656897708773614, 0.0460
0.0100, 0.758, 0.009171251844614745, 0.0499
0.0100, 0.758, 0.01038932839781046, 0.0616
0.0100, 0.757, 0.00884830342978239, 0.0602
0.0100, 0.757, 0.00983444033563137, 0.0554
0.0100, 0.756, 0.009019571021199227, 0.0583
0.0100, 0.756, 0.010931587375700474, 0.0518
0.0100, 0.756, 0.009335980661213397, 0.0486
0.0100, 0.755, 0.008834065489470959, 0.0508
0.0100, 0.755, 0.009758235968649387, 0.0531
0.0100, 0.754, 0.00931323927640915, 0.0477
0.0100, 0.754, 0.009365174569189548, 0.0487
0.0100, 0.754, 0.010362974010407925, 0.0569
0.0100, 0.753, 0.009297377549111844, 0.0536
0.0100, 0.753, 0.00881549084186554, 0.0545
0.0100, 0.752, 0.008893948391079903, 0.0468
0.0100, 0.752, 0.008379308234900237, 0.0457
0.0100, 0.752, 0.007965152792632579, 0.0554
0.0100, 0.751, 0.011095530301332474, 0.0688
0.0100, 0.751, 0.009760245017707348, 0.0546
0.0100, 0.750, 0.007566058337688446, 0.0562
0.0100, 0.750, 0.008361344523727894, 0.0503
0.0100, 0.750, 0.008808051459491253, 0.0520
0.0100, 0.749, 0.010149090863764285, 0.0545
0.0100, 0.749, 0.008967088706791401, 0.0481
0.0100, 0.748, 0.0096704206392169, 0.0484
0.0100, 0.748, 0.007685160182416439, 0.0556
0.0100, 0.748, 0.00904816649109125, 0.0472
0.0100, 0.747, 0.007828742869198322, 0.0479
0.0100, 0.747, 0.010237219221889972, 0.0600
0.0100, 0.747, 0.008025070495903492, 0.0476
0.0100, 0.746, 0.008188580393791198, 0.0499
0.0100, 0.746, 0.008350894168019294, 0.0475
0.0100, 0.745, 0.009530307620763779, 0.0536
0.0100, 0.745, 0.008352158166468143, 0.0490
0.0100, 0.745, 0.009006476916372776, 0.0581
0.0100, 0.744, 0.009112426564097404, 0.0503
0.0100, 0.744, 0.010374984107911586, 0.0670
0.0100, 0.743, 0.008284466423094272, 0.0490
0.0100, 0.743, 0.00903988141566515, 0.0477
0.0100, 0.743, 0.00830516167730093, 0.0484
0.0100, 0.742, 0.00895357594639063, 0.0462
0.0100, 0.742, 0.008475084081292153, 0.0456
0.0100, 0.741, 0.009551101878285407, 0.0491
0.0100, 0.741, 0.00958131442219019, 0.0524
0.0100, 0.741, 0.009884997427463531, 0.0623
0.0100, 0.740, 0.009764877803623676, 0.0621
0.0100, 0.740, 0.00789542967826128, 0.0585
0.0100, 0.739, 0.007249747838824988, 0.0528
0.0100, 0.739, 0.008594589821994304, 0.0549
0.0100, 0.739, 0.01051656424254179, 0.0769
0.0100, 0.738, 0.008629051998257637, 0.0490
0.0100, 0.738, 0.009218189850449561, 0.0561
0.0100, 0.738, 0.010078021556138992, 0.0619
0.0100, 0.737, 0.00955660831183195, 0.0489
0.0100, 0.737, 0.009205075033009052, 0.0487
0.0100, 0.736, 0.009039360627532005, 0.0545
0.0100, 0.736, 0.008427240200340748, 0.0469
0.0100, 0.736, 0.00912993012368679, 0.0460
0.0100, 0.735, 0.011282773442566394, 0.0572
0.0100, 0.735, 0.00832577209174633, 0.0450
0.0100, 0.734, 0.008393405396491289, 0.0600
0.0100, 0.734, 0.011498585589230061, 0.0536
0.0100, 0.734, 0.008677491009235382, 0.0540
0.0100, 0.733, 0.0076846244484186175, 0.0467
0.0100, 0.733, 0.008748479031026364, 0.0433
0.0100, 0.732, 0.010831739127635956, 0.0500
0.0100, 0.732, 0.008342902027070522, 0.0464
0.0100, 0.732, 0.008858729861676693, 0.0579
0.0100, 0.731, 0.009612012654542923, 0.0483
0.0100, 0.731, 0.008770508788526058, 0.0455
0.0100, 0.730, 0.007678487285971642, 0.0476
0.0100, 0.730, 0.010038998492062091, 0.0580
0.0100, 0.730, 0.008778312891721726, 0.0490
0.0100, 0.729, 0.00832401905581355, 0.0502
0.0100, 0.729, 0.009199690520763398, 0.0458
0.0100, 0.728, 0.0084963453784585, 0.0564
0.0100, 0.728, 0.008101765401661395, 0.0495
0.0100, 0.728, 0.009298582203686238, 0.0619
0.0100, 0.727, 0.009725228168070317, 0.0498
0.0100, 0.727, 0.008360293891280889, 0.0498
0.0100, 0.726, 0.009997929692268372, 0.0546
0.0100, 0.726, 0.007591965332627296, 0.0532
0.0100, 0.726, 0.009611421287059784, 0.0553
0.0100, 0.725, 0.00910183071345091, 0.0512
0.0100, 0.725, 0.009937512263655662, 0.0497
0.0100, 0.724, 0.009859209820628167, 0.0511
0.0100, 0.724, 0.009538598038256168, 0.0485
0.0100, 0.724, 0.00971769505739212, 0.0501
0.0100, 0.723, 0.011065233834087848, 0.0710
0.0100, 0.723, 0.008456965520977975, 0.0543
0.0100, 0.722, 0.01019842091202736, 0.0600
0.0100, 0.722, 0.008684478506445884, 0.0485
0.0100, 0.722, 0.008970593258738517, 0.0458
0.0100, 0.721, 0.010680603109300137, 0.0572
0.0100, 0.721, 0.00971879032999277, 0.0492
0.0100, 0.721, 0.008977140948176384, 0.0489
0.0100, 0.720, 0.007763750452548265, 0.0519
0.0100, 0.720, 0.009070938982069492, 0.0492
0.0100, 0.719, 0.00917696911841631, 0.0568
0.0100, 0.719, 0.008344999060034752, 0.0452
0.0100, 0.719, 0.008904468156397343, 0.0441
0.0100, 0.718, 0.009119258709251881, 0.0445
0.0100, 0.718, 0.0071696478649973866, 0.0547
0.0100, 0.717, 0.010891842126846314, 0.0657
0.0100, 0.717, 0.009814089715480805, 0.0650
0.0100, 0.716, 0.008466322429478168, 0.0464
0.0100, 0.716, 0.00946427821367979, 0.0634
0.0100, 0.716, 0.010353605128824711, 0.0540
0.0100, 0.715, 0.00848603331297636, 0.0533
0.0100, 0.715, 0.008874372012913228, 0.0467
0.0100, 0.715, 0.009043526992201805, 0.0529
0.0100, 0.714, 0.009092585697770118, 0.0620
0.0100, 0.714, 0.009244643799960614, 0.0559
0.0100, 0.713, 0.009216573283076287, 0.0587
0.0100, 0.713, 0.008293898329138755, 0.0465
0.0100, 0.713, 0.008177594944834709, 0.0538
0.0100, 0.712, 0.00925917273759842, 0.0473
0.0100, 0.712, 0.007907795824110508, 0.0439
0.0100, 0.711, 0.008710842199623585, 0.0474
0.0100, 0.711, 0.007989900387823582, 0.0465
0.0100, 0.711, 0.009374490484595299, 0.0500
0.0100, 0.710, 0.008911536045372486, 0.0537
0.0100, 0.710, 0.009777338072657585, 0.0617
0.0100, 0.709, 0.00989881443977356, 0.0528
0.0100, 0.709, 0.008326644845306872, 0.0457
0.0100, 0.709, 0.008998935095965862, 0.0701
0.0100, 0.708, 0.008505332365632057, 0.0500
0.0100, 0.708, 0.008027179632335901, 0.0451
0.0100, 0.707, 0.010312407210469245, 0.0518
0.0100, 0.707, 0.009861082635819913, 0.0543
0.0100, 0.707, 0.009764370292425155, 0.0565
0.0100, 0.706, 0.010170521818101406, 0.0490
0.0100, 0.706, 0.008951782152056694, 0.0508
0.0100, 0.705, 0.00909730526804924, 0.0548
0.0100, 0.705, 0.009169346876442433, 0.0589
0.0100, 0.705, 0.009197156548500061, 0.0473
0.0100, 0.704, 0.009339381724596023, 0.0566
0.0100, 0.704, 0.009782254584133626, 0.0592
0.0100, 0.703, 0.009053849570453167, 0.0695
0.0100, 0.703, 0.009079042963683606, 0.0567
0.0100, 0.703, 0.009094702675938607, 0.0607
0.0100, 0.702, 0.00783031214028597, 0.0626
0.0100, 0.702, 0.008599524654448033, 0.0519
0.0100, 0.701, 0.007405301999300718, 0.0412
0.0100, 0.701, 0.010146379701793194, 0.0656
0.0100, 0.701, 0.009426820442080498, 0.0525
0.0100, 0.700, 0.009970315851271153, 0.0588
0.0100, 0.700, 0.011216196104884148, 0.0658
0.0100, 0.700, 0.009138427734375, 0.0523
0.0100, 0.699, 0.00918767400085926, 0.0508
0.0100, 0.699, 0.010026498332619666, 0.0572
0.0100, 0.698, 0.009616548284888268, 0.0651
0.0100, 0.698, 0.009356033049523831, 0.0531
0.0100, 0.698, 0.010489613324403763, 0.0580
0.0100, 0.697, 0.008168536379933358, 0.0654
0.0100, 0.697, 0.009742360189557075, 0.0487
0.0100, 0.696, 0.010898319758474826, 0.0630
0.0100, 0.696, 0.009025748640298844, 0.0498
0.0100, 0.696, 0.009259818710386752, 0.0628
0.0100, 0.695, 0.0110760453119874, 0.0543
0.0100, 0.695, 0.00839779682457447, 0.0457
0.0100, 0.694, 0.008284777075052261, 0.0520
0.0100, 0.694, 0.008963795583695174, 0.0544
0.0100, 0.694, 0.010771750770509243, 0.0577
0.0100, 0.693, 0.008963291764259338, 0.0509
0.0100, 0.693, 0.00935065995156765, 0.0469
0.0100, 0.692, 0.008533614091575145, 0.0543
0.0100, 0.692, 0.01064024368673563, 0.0512
0.0100, 0.692, 0.009870143942534923, 0.0510
0.0100, 0.691, 0.008477485202252865, 0.0487
0.0100, 0.691, 0.01127350626140833, 0.0576
0.0100, 0.690, 0.008364341758191585, 0.0437
0.0100, 0.690, 0.00803503080829978, 0.0436
0.0100, 0.690, 0.0102960751876235, 0.0534
0.0100, 0.689, 0.009329244039952755, 0.0445
0.0100, 0.689, 0.009433819137513637, 0.0539
0.0100, 0.688, 0.008887683384120465, 0.0513
0.0100, 0.688, 0.008735852800309658, 0.0505
0.0100, 0.688, 0.010691509038209914, 0.0591
0.0100, 0.687, 0.009025549799203872, 0.0456
0.0100, 0.687, 0.008676420532166957, 0.0588
0.0100, 0.686, 0.008577274337410927, 0.0474
0.0100, 0.686, 0.010088206782937049, 0.0492
0.0100, 0.686, 0.008412259563803672, 0.0479
0.0100, 0.685, 0.008112163372337819, 0.0480
0.0100, 0.685, 0.00980260431021452, 0.0472
0.0100, 0.684, 0.009831395193934441, 0.0499
0.0100, 0.684, 0.00929407725483179, 0.0522
0.0100, 0.684, 0.0098176339417696, 0.0560
0.0100, 0.683, 0.008678526803851127, 0.0558
0.0100, 0.683, 0.01012452570348978, 0.0550
0.0100, 0.682, 0.009134649351239204, 0.0492
0.0100, 0.682, 0.009508954174816609, 0.0518
0.0100, 0.682, 0.00845992647856474, 0.0452
0.0100, 0.681, 0.008947664692997933, 0.0464
0.0100, 0.681, 0.00976122610270977, 0.0616
0.0100, 0.680, 0.008973333708941936, 0.0487
0.0100, 0.680, 0.00797698648273945, 0.0485
0.0100, 0.680, 0.01046040727198124, 0.0498
0.0100, 0.679, 0.010769078694283962, 0.0743
0.0100, 0.679, 0.008948742188513279, 0.0657
0.0100, 0.678, 0.00823192435875535, 0.0510
0.0100, 0.678, 0.008596884101629258, 0.0618
0.0100, 0.678, 0.009395803235471248, 0.0566
0.0100, 0.677, 0.009912580855190754, 0.0560
0.0100, 0.677, 0.00793622823804617, 0.0470
0.0100, 0.676, 0.00946219665557146, 0.0486
0.0100, 0.676, 0.009512483797967434, 0.0624
0.0100, 0.676, 0.007691725790500641, 0.0413
0.0100, 0.675, 0.009601929783821106, 0.0478
0.0100, 0.675, 0.010160562261939048, 0.0580
0.0100, 0.674, 0.009629546627402306, 0.0512
0.0100, 0.674, 0.00734953885525465, 0.0503
0.0100, 0.674, 0.0096379042416811, 0.0502
0.0100, 0.673, 0.008438293986022473, 0.0474
0.0100, 0.673, 0.011220589473843575, 0.0605
0.0100, 0.672, 0.010031313493847846, 0.0522
0.0100, 0.672, 0.009073979385197163, 0.0520
0.0100, 0.672, 0.00833021255582571, 0.0476
0.0100, 0.671, 0.009040348876267671, 0.0592
0.0100, 0.671, 0.010307349435985089, 0.0541
0.0100, 0.670, 0.009334944956004619, 0.0529
0.0100, 0.670, 0.008856442384421825, 0.0460
0.0100, 0.670, 0.008326979339122772, 0.0493
0.0100, 0.669, 0.009502683632075787, 0.0512
0.0100, 0.669, 0.008588342010974885, 0.0497
0.0100, 0.668, 0.01156120316684246, 0.0543
0.0100, 0.668, 0.008294177033007145, 0.0480
0.0100, 0.668, 0.007525863893330097, 0.0442
0.0100, 0.667, 0.00968923519551754, 0.0484
0.0100, 0.667, 0.008460486628115178, 0.0499
0.0100, 0.666, 0.008868276342749596, 0.0567
0.0100, 0.666, 0.009039192907512188, 0.0477
0.0100, 0.666, 0.009812645107507706, 0.0596
0.0100, 0.665, 0.008638331674039363, 0.0456
0.0100, 0.665, 0.008617557801306248, 0.0474
0.0100, 0.665, 0.008872672930359841, 0.0431
0.0100, 0.664, 0.009142009653151035, 0.0654
0.0100, 0.664, 0.010267637334764004, 0.0559
0.0100, 0.663, 0.00962252101302147, 0.0649
0.0100, 0.663, 0.008999899458140136, 0.0469
0.0100, 0.663, 0.00948608649522066, 0.0545
0.0100, 0.662, 0.009805966563522816, 0.0586
0.0100, 0.662, 0.010183356046676636, 0.0672
0.0100, 0.661, 0.009268314823508263, 0.0569
0.0100, 0.661, 0.010070935614407063, 0.0779
0.0100, 0.661, 0.008837155621498824, 0.0558
0.0100, 0.660, 0.00801118879765272, 0.0438
0.0100, 0.660, 0.00951025291904807, 0.0488
0.0100, 0.659, 0.008887870483100415, 0.0481
0.0100, 0.659, 0.010153615303337573, 0.0623
0.0100, 0.659, 0.009342388316988946, 0.0629
0.0100, 0.658, 0.009253142945468426, 0.0503
0.0100, 0.658, 0.008557292073965073, 0.0448
0.0100, 0.657, 0.009083974227309227, 0.0686
0.0100, 0.657, 0.007814194709062576, 0.0472
0.0100, 0.657, 0.00875283957645297, 0.0515
0.0100, 0.656, 0.007202753257006407, 0.0440
0.0100, 0.656, 0.00805768981575966, 0.0484
0.0100, 0.655, 0.008592160992324353, 0.0527
0.0100, 0.655, 0.008405990667641163, 0.0477
0.0100, 0.655, 0.009002964809536934, 0.0517
0.0100, 0.654, 0.009261383421719074, 0.0572
0.0100, 0.654, 0.007270214885473252, 0.0464
0.0100, 0.653, 0.009971789993345737, 0.0678
0.0100, 0.653, 0.009829303339123727, 0.0492
0.0100, 0.653, 0.00932903753966093, 0.0533
0.0100, 0.652, 0.010338567413389683, 0.0727
0.0100, 0.652, 0.008726296626031398, 0.0461
0.0100, 0.651, 0.007858600407838822, 0.0455
0.0100, 0.651, 0.0075029262453317645, 0.0436
0.0100, 0.651, 0.010151646055281162, 0.0664
0.0100, 0.650, 0.008384195737540722, 0.0463
0.0100, 0.650, 0.009368709906935693, 0.0502
0.0100, 0.649, 0.008847880370914937, 0.0474
0.0100, 0.649, 0.010441830202937126, 0.0557
0.0100, 0.649, 0.008740979760885238, 0.0459
0.0100, 0.648, 0.008845691941678524, 0.0528
0.0100, 0.648, 0.00809132155776024, 0.0490
0.0100, 0.647, 0.008818915084004402, 0.0463
0.0100, 0.647, 0.008233251862227916, 0.0546
0.0100, 0.647, 0.008445301838219166, 0.0551
0.0100, 0.646, 0.007684468191117048, 0.0436
0.0100, 0.646, 0.00962214608490467, 0.0533
0.0100, 0.646, 0.011494153298437596, 0.0582
0.0100, 0.645, 0.009624583944678307, 0.0665
0.0100, 0.645, 0.008624966695904731, 0.0524
0.0100, 0.644, 0.008518915429711341, 0.0647
0.0100, 0.644, 0.008696561865508556, 0.0501
0.0100, 0.644, 0.009366418443620204, 0.0532
0.0100, 0.643, 0.008418301742523908, 0.0459
0.0100, 0.643, 0.008927036859095096, 0.0452
0.0100, 0.642, 0.009597956761717796, 0.0639
0.0100, 0.642, 0.008889382369816304, 0.0558
0.0100, 0.642, 0.008576867401599884, 0.0617
0.0100, 0.641, 0.008894619666039943, 0.0531
0.0100, 0.641, 0.008059053279459476, 0.0501
0.0100, 0.640, 0.010364219024777412, 0.0501
0.0100, 0.640, 0.0080972985252738, 0.0614
0.0100, 0.640, 0.010682149648666381, 0.0707
0.0100, 0.639, 0.007947000931948424, 0.0483
0.0100, 0.639, 0.008461956582963467, 0.0516
0.0100, 0.638, 0.007691188797354699, 0.0455
0.0100, 0.638, 0.007728375412523746, 0.0512
0.0100, 0.638, 0.00953451306372881, 0.0531
0.0100, 0.637, 0.008302957780659198, 0.0493
0.0100, 0.637, 0.00836987567692995, 0.0476
0.0100, 0.636, 0.00973947024345398, 0.0503
0.0100, 0.636, 0.008864064417779446, 0.0589
0.0100, 0.636, 0.007895583033561707, 0.0457
0.0100, 0.635, 0.008685573741793632, 0.0485
0.0100, 0.635, 0.008336151026189327, 0.0618
0.0100, 0.634, 0.01098432469367981, 0.0529
0.0100, 0.634, 0.007705830536782742, 0.0454
0.0100, 0.634, 0.007245221741497517, 0.0517
0.0100, 0.633, 0.008559991866350173, 0.0509
0.0100, 0.633, 0.01064955358952284, 0.0577
0.0100, 0.633, 0.008792553015053273, 0.0474
0.0100, 0.632, 0.01028437601774931, 0.0555
0.0100, 0.632, 0.00950843833386898, 0.0501
0.0100, 0.631, 0.009262707009911537, 0.0495
0.0100, 0.631, 0.008201399266719818, 0.0476
0.0100, 0.631, 0.009344428911805152, 0.0665
0.0100, 0.630, 0.01014518703520298, 0.0696
0.0100, 0.630, 0.009079963184893132, 0.0588
0.0100, 0.629, 0.008310375928878785, 0.0527
0.0100, 0.629, 0.008183963157236577, 0.0422
0.0100, 0.629, 0.008933437831699849, 0.0440
0.0100, 0.628, 0.00942462856322527, 0.0508
0.0100, 0.628, 0.00921011709421873, 0.0624
0.0100, 0.627, 0.010012193143367768, 0.0509
0.0100, 0.627, 0.009217030480504035, 0.0543
0.0100, 0.627, 0.00832276277989149, 0.0473
0.0100, 0.626, 0.010027251742780208, 0.0478
0.0100, 0.626, 0.00938093588501215, 0.0538
0.0100, 0.625, 0.007399485480040312, 0.0492
0.0100, 0.625, 0.007574435159564018, 0.0439
0.0100, 0.625, 0.009840101875364781, 0.0526
0.0100, 0.624, 0.00847573722153902, 0.0490
0.0100, 0.624, 0.008369389854371547, 0.0443
0.0100, 0.623, 0.009181175075471401, 0.0582
0.0100, 0.623, 0.00788197386264801, 0.0450
0.0100, 0.623, 0.00864762381464243, 0.0471
0.0100, 0.622, 0.011686427786946297, 0.0494
0.0100, 0.622, 0.009628854505717755, 0.0543
0.0100, 0.621, 0.00737138457596302, 0.0432
0.0100, 0.621, 0.00897380142658949, 0.0459
0.0100, 0.621, 0.008480367846786976, 0.0487
0.0100, 0.620, 0.007621839009225369, 0.0420
0.0100, 0.620, 0.009316093027591706, 0.0477
0.0100, 0.619, 0.009106974624097347, 0.0502
0.0100, 0.619, 0.008221124716103078, 0.0432
0.0100, 0.619, 0.00874592913687229, 0.0454
0.0100, 0.618, 0.007898684374988078, 0.0473
0.0100, 0.618, 0.008152299240231514, 0.0427
0.0100, 0.618, 0.009513558149337768, 0.0491
0.0100, 0.617, 0.007485496886074543, 0.0457
0.0100, 0.617, 0.010288190998136998, 0.0567
0.0100, 0.616, 0.009375351138412952, 0.0549
0.0100, 0.616, 0.007617499258369208, 0.0517
0.0100, 0.615, 0.009938686061650515, 0.0552
0.0100, 0.615, 0.008740920044481754, 0.0483
0.0100, 0.615, 0.008353786885738373, 0.0546
0.0100, 0.614, 0.008363245472311974, 0.0469
0.0100, 0.614, 0.0078138587474823, 0.0421
0.0100, 0.614, 0.008380261011421681, 0.0489
0.0100, 0.613, 0.008110101133584976, 0.0551
0.0100, 0.613, 0.008644313521683216, 0.0427
0.0100, 0.612, 0.008137184776365757, 0.0448
0.0100, 0.612, 0.008073395974934101, 0.0480
0.0100, 0.611, 0.008813909478485584, 0.0584
0.0100, 0.611, 0.007943611014634372, 0.0502
0.0100, 0.611, 0.007670600049197674, 0.0488
0.0100, 0.610, 0.007289680287241936, 0.0450
0.0100, 0.610, 0.00848594032227993, 0.0533
0.0100, 0.609, 0.00917742818593979, 0.0506
0.0100, 0.609, 0.010314705669879914, 0.0597
0.0100, 0.609, 0.008907684937119483, 0.0507
0.0100, 0.608, 0.007846325900405645, 0.0463
0.0100, 0.608, 0.009749939396977424, 0.0538
0.0100, 0.608, 0.009366588786244393, 0.0505
0.0100, 0.607, 0.009905411757528782, 0.0699
0.0100, 0.607, 0.009191199831664562, 0.0611
0.0100, 0.606, 0.009620088629424572, 0.0577
0.0100, 0.606, 0.008140424240380525, 0.0672
0.0100, 0.606, 0.009905152954161167, 0.0528
0.0100, 0.605, 0.00956254880130291, 0.0482
0.0100, 0.605, 0.010125876441597938, 0.0616
0.0100, 0.604, 0.008411044552922249, 0.0445
0.0100, 0.604, 0.009589449547231198, 0.0517
0.0100, 0.604, 0.010400619357824326, 0.0552
0.0100, 0.603, 0.009173376839607955, 0.0434
0.0100, 0.603, 0.006658779073506594, 0.0465
0.0100, 0.602, 0.008834656216204167, 0.0471
0.0100, 0.602, 0.009222311656922102, 0.0552
0.0100, 0.602, 0.010161601915955543, 0.0766
0.0100, 0.601, 0.009501571841537952, 0.0593
0.0100, 0.601, 0.008417158506810666, 0.0443
0.0100, 0.600, 0.007937489498406648, 0.0551
0.0100, 0.600, 0.008212854024022817, 0.0528
0.0100, 0.600, 0.0123192228525877, 0.0712
0.0100, 0.599, 0.00871025363355875, 0.0461
0.0100, 0.599, 0.009988463632762432, 0.0645
0.0100, 0.598, 0.00937564566731453, 0.0499
0.0100, 0.598, 0.007665137019008398, 0.0445
0.0100, 0.598, 0.010401149585843086, 0.0705
0.0100, 0.597, 0.009700207486748696, 0.0461
0.0100, 0.597, 0.010611852906644344, 0.0712
0.0100, 0.596, 0.00966029729694128, 0.0542
0.0100, 0.596, 0.009364391725510358, 0.0613
0.0100, 0.596, 0.00931268247961998, 0.0468
0.0100, 0.595, 0.007907059036195279, 0.0409
0.0100, 0.595, 0.012116111628711224, 0.0715
0.0100, 0.594, 0.009115860983729362, 0.0513
0.0100, 0.594, 0.009308671481907367, 0.0496
0.0100, 0.594, 0.008416325747966767, 0.0541
0.0100, 0.593, 0.008853128232061863, 0.0613
0.0100, 0.593, 0.008603396780788898, 0.0534
0.0100, 0.592, 0.00805902636796236, 0.0463
0.0100, 0.592, 0.007935651175677776, 0.0490
0.0100, 0.592, 0.009885527700185776, 0.0516
0.0100, 0.591, 0.007956551127135754, 0.0476
0.0100, 0.591, 0.006461692210286855, 0.0455
0.0100, 0.590, 0.006404405161738395, 0.0509
0.0100, 0.590, 0.00957167761772871, 0.0578
0.0100, 0.590, 0.010705981567502023, 0.0690
0.0100, 0.589, 0.00851341399550438, 0.0587
0.0100, 0.589, 0.006553654886782169, 0.0546
0.0100, 0.588, 0.008184124916791916, 0.0493
0.0100, 0.588, 0.011281335964798926, 0.0749
0.0100, 0.588, 0.01106157036870718, 0.0670
0.0100, 0.587, 0.00910612541809678, 0.0527
0.0100, 0.587, 0.009403214566409588, 0.0522
0.0100, 0.586, 0.00955089008063078, 0.0489
0.0100, 0.586, 0.00944948747754097, 0.0473
0.0100, 0.586, 0.009364941745996475, 0.0462
0.0100, 0.585, 0.007780743055045605, 0.0488
0.0100, 0.585, 0.008807735718786716, 0.0543
0.0100, 0.584, 0.008150108084082603, 0.0508
0.0100, 0.584, 0.00871534437313676, 0.0430
0.0100, 0.584, 0.008501340724527837, 0.0425
0.0100, 0.583, 0.009910139560699463, 0.0661
0.0100, 0.583, 0.007506648745387793, 0.0499
0.0100, 0.582, 0.009083548970520496, 0.0486
0.0100, 0.582, 0.008704494044184686, 0.0549
0.0100, 0.582, 0.008144049242138863, 0.0449
0.0100, 0.581, 0.007647081159055233, 0.0471
0.0100, 0.581, 0.010069138888269663, 0.0582
0.0100, 0.580, 0.00878293026983738, 0.0482
0.0100, 0.580, 0.010194625459611415, 0.0623
0.0100, 0.580, 0.011364048473536968, 0.0572
0.0100, 0.579, 0.008878246776759625, 0.0528
0.0100, 0.579, 0.007874268490821124, 0.0482
0.0100, 0.578, 0.00740207027643919, 0.0454
0.0100, 0.578, 0.009173518888652324, 0.0498
0.0100, 0.578, 0.009081176161766052, 0.0486
0.0100, 0.577, 0.009276738069951534, 0.0628
0.0100, 0.577, 0.011962470337748528, 0.0746
0.0100, 0.576, 0.01075037682056427, 0.0619
0.0100, 0.576, 0.009779141500592232, 0.0505
0.0100, 0.576, 0.009475108668208122, 0.0504
0.0100, 0.575, 0.00861700938642025, 0.0475
0.0100, 0.575, 0.009727737061679363, 0.0636
0.0100, 0.574, 0.008165096394717693, 0.0559
0.0100, 0.574, 0.00898097973316908, 0.0630
0.0100, 0.574, 0.00873653506487608, 0.0504
0.0100, 0.573, 0.008278812550008298, 0.0510
0.0100, 0.573, 0.009456154875457286, 0.0451
0.0100, 0.572, 0.009244023971259594, 0.0479
0.0100, 0.572, 0.009095376208424568, 0.0487
0.0100, 0.572, 0.009123030614107847, 0.0493
0.0100, 0.571, 0.007038100749254227, 0.0505
0.0100, 0.571, 0.009253302544355392, 0.0597
0.0100, 0.570, 0.009724226765334605, 0.0503
0.0100, 0.570, 0.00929667717218399, 0.0532
0.0100, 0.570, 0.006873039402067661, 0.0559
0.0100, 0.569, 0.00930990793183446, 0.0594
0.0100, 0.569, 0.0077602732591331, 0.0604
0.0100, 0.569, 0.007532964356243611, 0.0474
0.0100, 0.568, 0.009980319641530514, 0.0612
0.0100, 0.568, 0.008089255832135678, 0.0486
0.0100, 0.567, 0.010317860223352909, 0.0538
0.0100, 0.567, 0.007272066481411457, 0.0472
0.0100, 0.567, 0.009150046341121197, 0.0457
0.0100, 0.566, 0.008289587080478668, 0.0434
0.0100, 0.566, 0.010364948749542236, 0.0617
0.0100, 0.565, 0.00988337739929557, 0.0558
0.0100, 0.565, 0.009381381459534169, 0.0522
0.0100, 0.565, 0.009406318657100201, 0.0459
0.0100, 0.564, 0.00886343488842249, 0.0474
0.0100, 0.564, 0.00969626385718584, 0.0590
0.0100, 0.563, 0.010248196177184582, 0.0555
0.0100, 0.563, 0.008741129398345947, 0.0532
0.0100, 0.563, 0.00859575929492712, 0.0512
0.0100, 0.562, 0.009445769786834717, 0.0475
0.0100, 0.562, 0.008347349010407925, 0.0511
0.0100, 0.561, 0.008646857544779778, 0.0601
0.0100, 0.561, 0.007425183862447738, 0.0476
0.0100, 0.561, 0.008991602055728435, 0.0436
0.0100, 0.560, 0.008747687906026841, 0.0512
0.0100, 0.560, 0.008359973683953286, 0.0462
0.0100, 0.559, 0.008180988613516092, 0.0481
0.0100, 0.559, 0.008189455512911082, 0.0537
0.0100, 0.559, 0.0074505237340927125, 0.0495
0.0100, 0.558, 0.00902067744731903, 0.0591
0.0100, 0.558, 0.009277463465929031, 0.0506
0.0100, 0.557, 0.008394109833985567, 0.0449
0.0100, 0.557, 0.008836291402578354, 0.0456
0.0100, 0.557, 0.009298729933798313, 0.0503
0.0100, 0.556, 0.008713801093399524, 0.0468
0.0100, 0.556, 0.009331053592264653, 0.0607
0.0100, 0.556, 0.009597423858940602, 0.0492
0.0100, 0.555, 0.00926902125030756, 0.0545
0.0100, 0.555, 0.008640028670430183, 0.0499
0.0100, 0.554, 0.009625939771533013, 0.0583
0.0100, 0.554, 0.009574467882513999, 0.0533
0.0100, 0.554, 0.008950902443379163, 0.0501
0.0100, 0.553, 0.010595160625874997, 0.0606
0.0100, 0.553, 0.010710165791213512, 0.0518
0.0100, 0.552, 0.009189144439995288, 0.0771
0.0100, 0.552, 0.008914329551160335, 0.0469
0.0100, 0.552, 0.007670605689287186, 0.0636
0.0100, 0.551, 0.009579392544925213, 0.0528
0.0100, 0.551, 0.008885507009923459, 0.0443
0.0100, 0.550, 0.009838533632457257, 0.0582
0.0100, 0.550, 0.009387966506183147, 0.0549
0.0100, 0.550, 0.009331445790827274, 0.0589
0.0100, 0.549, 0.008115469638258219, 0.0441
0.0100, 0.549, 0.007225657004863024, 0.0574
0.0100, 0.548, 0.008077494144439697, 0.0400
0.0100, 0.548, 0.008027905710041522, 0.0400
0.0100, 0.548, 0.00756366503238678, 0.0455
0.0100, 0.547, 0.008429320804774761, 0.0446
0.0100, 0.547, 0.00667833349853754, 0.0393
0.0100, 0.546, 0.00793645853549242, 0.0485
0.0100, 0.546, 0.008450909607112408, 0.0472
0.0100, 0.546, 0.01071853506565094, 0.0628
0.0100, 0.545, 0.009184726424515247, 0.0527
0.0100, 0.545, 0.010345138989388943, 0.0622
0.0100, 0.544, 0.008366600017994642, 0.0593
0.0100, 0.544, 0.0076702312342822555, 0.0531
0.0100, 0.544, 0.008333586663007736, 0.0453
0.0100, 0.543, 0.009527801122516394, 0.0526
0.0100, 0.543, 0.007758657105267048, 0.0408
0.0100, 0.542, 0.008172292463481426, 0.0471
0.0100, 0.542, 0.0096410407461226, 0.0479
0.0100, 0.542, 0.010315693534910679, 0.0520
0.0100, 0.541, 0.008490003891289235, 0.0524
0.0100, 0.541, 0.010545543074607849, 0.0513
0.0100, 0.540, 0.008924561880528927, 0.0469
0.0100, 0.540, 0.00874347385764122, 0.0545
0.0100, 0.540, 0.0091043346747756, 0.0449
0.0100, 0.539, 0.0076712328977882865, 0.0458
0.0100, 0.539, 0.008549019295722247, 0.0457
0.0100, 0.538, 0.008767174310982227, 0.0594
0.0100, 0.538, 0.008772271178662777, 0.0560
0.0100, 0.538, 0.010346184559166431, 0.0581
0.0100, 0.537, 0.006297354657202959, 0.0519
0.0100, 0.537, 0.008344672061502934, 0.0433
0.0100, 0.536, 0.009557175233960151, 0.0542
0.0100, 0.536, 0.008862259685993195, 0.0455
0.0100, 0.536, 0.0104967570155859, 0.0598
0.0100, 0.535, 0.010124173268675804, 0.0556
0.0100, 0.535, 0.010045352980494499, 0.0506
0.0100, 0.535, 0.009717065401375295, 0.0491
0.0100, 0.534, 0.008215526156127452, 0.0554
0.0100, 0.534, 0.009677897535264492, 0.0499
0.0100, 0.533, 0.007172360263764858, 0.0432
0.0100, 0.533, 0.007430190082639456, 0.0477
0.0100, 0.533, 0.006351375240832567, 0.0391
0.0100, 0.532, 0.01082611419633031, 0.0729
0.0100, 0.532, 0.009126728899776936, 0.0463
0.0100, 0.531, 0.007866260103881358, 0.0456
0.0100, 0.531, 0.009669165804982185, 0.0534
0.0100, 0.530, 0.008438300840556622, 0.0446
0.0100, 0.530, 0.007845426253974438, 0.0456
0.0100, 0.530, 0.009242736157029868, 0.0527
0.0100, 0.529, 0.008190989542752504, 0.0415
0.0100, 0.529, 0.008587439075112342, 0.0568
0.0100, 0.529, 0.008542015202343463, 0.0507
0.0100, 0.528, 0.00913168527930975, 0.0488
0.0100, 0.528, 0.0089697006046772, 0.0527
0.0100, 0.527, 0.009076486937701703, 0.0440
0.0100, 0.527, 0.007849378690123558, 0.0534
0.0100, 0.527, 0.01077712993323803, 0.0490
0.0100, 0.526, 0.00963728328049183, 0.0537
0.0100, 0.526, 0.008783310532569885, 0.0511
0.0100, 0.525, 0.00829715782403946, 0.0443
0.0100, 0.525, 0.008829275481402873, 0.0451
0.0100, 0.525, 0.00917246101051569, 0.0470
0.0100, 0.524, 0.010318623460829257, 0.0782
0.0100, 0.524, 0.008904179252684117, 0.0538
0.0100, 0.523, 0.008460888601839543, 0.0506
0.0100, 0.523, 0.008844890519976617, 0.0506
0.0100, 0.523, 0.007911600455641746, 0.0575
0.0100, 0.522, 0.009705879747867584, 0.0462
0.0100, 0.522, 0.008379213094711303, 0.0585
0.0100, 0.521, 0.009254104234278202, 0.0491
0.0100, 0.521, 0.008989443495869637, 0.0448
0.0100, 0.521, 0.008867412276566029, 0.0527
0.0100, 0.520, 0.009336120381951332, 0.0523
0.0100, 0.520, 0.007851554065942764, 0.0545
0.0100, 0.519, 0.009972427561879159, 0.0544
0.0100, 0.519, 0.007819965727627278, 0.0534
0.0100, 0.519, 0.009375572994351386, 0.0466
0.0100, 0.518, 0.008703661233186721, 0.0528
0.0100, 0.518, 0.00812787814065814, 0.0467
0.0100, 0.517, 0.009023536361753941, 0.0579
0.0100, 0.517, 0.0072706412002444265, 0.0409
0.0100, 0.517, 0.008413220226764679, 0.0488
0.0100, 0.516, 0.010696587167680264, 0.0502
0.0100, 0.516, 0.00967308359965682, 0.0524
0.0100, 0.515, 0.009057505838572979, 0.0710
0.0100, 0.515, 0.006836033839732409, 0.0542
0.0100, 0.515, 0.01165110608935356, 0.0782
0.0100, 0.514, 0.009337671481072903, 0.0549
0.0100, 0.514, 0.01036932384222746, 0.0638
0.0100, 0.513, 0.007676986828446388, 0.0559
0.0100, 0.513, 0.009064863845705986, 0.0477
0.0100, 0.513, 0.009157473668456078, 0.0458
0.0100, 0.512, 0.007725748211145401, 0.0593
0.0100, 0.512, 0.009338055685162544, 0.0499
0.0100, 0.511, 0.008742318276315927, 0.0567
0.0100, 0.511, 0.008644847106188536, 0.0584
0.0100, 0.511, 0.009405279517173766, 0.0514
0.0100, 0.510, 0.009415914848446847, 0.0503
0.0100, 0.510, 0.008880556341260672, 0.0500
0.0100, 0.509, 0.009063482791185379, 0.0576
0.0100, 0.509, 0.009317035615444183, 0.0515
0.0100, 0.509, 0.008861527502536774, 0.0472
0.0100, 0.508, 0.00940121255069971, 0.0544
0.0100, 0.508, 0.009958344079554081, 0.0550
0.0100, 0.507, 0.008969593949615955, 0.0572
0.0100, 0.507, 0.00885896871984005, 0.0550
0.0100, 0.507, 0.008660798951983451, 0.0464
0.0100, 0.506, 0.007329904992133379, 0.0496
0.0100, 0.506, 0.009704425111413001, 0.0528
0.0100, 0.506, 0.010549627527594566, 0.0676
0.0100, 0.505, 0.00711585159227252, 0.0557
0.0100, 0.505, 0.00811950433254242, 0.0436
0.0100, 0.504, 0.008647323936223984, 0.0452
0.0100, 0.504, 0.009212489616125821, 0.0457
0.0100, 0.504, 0.008991914056241512, 0.0579
0.0100, 0.503, 0.009669537365436553, 0.0463
0.0100, 0.503, 0.008318015024065971, 0.0554
0.0100, 0.502, 0.009593609511852265, 0.0459
0.0100, 0.502, 0.010349378041923046, 0.0626
0.0100, 0.502, 0.008355088405311108, 0.0485
0.0100, 0.501, 0.008993040010333062, 0.0468
0.0100, 0.501, 0.008499907523393632, 0.0502
0.0100, 0.500, 0.008895261984318495, 0.0445
0.0100, 0.500, 0.008675004497170449, 0.0462
0.0100, 0.500, 0.008262545213103295, 0.0467
0.0100, 0.499, 0.007994599677622317, 0.0448
0.0100, 0.499, 0.009243122309446334, 0.0470
0.0100, 0.498, 0.0073429372794926165, 0.0411
0.0100, 0.498, 0.008937492780387402, 0.0657
0.0100, 0.498, 0.008388843208551407, 0.0512
0.0100, 0.497, 0.00829565803706646, 0.0493
0.0100, 0.497, 0.007720745768398047, 0.0691
0.0100, 0.496, 0.008864843562245369, 0.0509
0.0100, 0.496, 0.009611629895865918, 0.0679
0.0100, 0.496, 0.007758759498596192, 0.0455
0.0100, 0.495, 0.009427058555185795, 0.0615
0.0100, 0.495, 0.008232542000710965, 0.0500
0.0100, 0.494, 0.010479980889707804, 0.0682
0.0100, 0.494, 0.0090084513053298, 0.0495
0.0100, 0.494, 0.008594287931919098, 0.0429
0.0100, 0.493, 0.00994276773184538, 0.0493
0.0100, 0.493, 0.010167182229459285, 0.0617
0.0100, 0.492, 0.007112241636961699, 0.0601
0.0100, 0.492, 0.00828027269989252, 0.0473
0.0100, 0.492, 0.00947204091399908, 0.0498
0.0100, 0.491, 0.00808275542780757, 0.0457
0.0100, 0.491, 0.009727462440729142, 0.0498
0.0100, 0.490, 0.009446547470986843, 0.0524
0.0100, 0.490, 0.008596190474927426, 0.0497
0.0100, 0.490, 0.007879664875566959, 0.0513
0.0100, 0.489, 0.008868397198617458, 0.0507
0.0100, 0.489, 0.00814697390049696, 0.0572
0.0100, 0.488, 0.010628974415361881, 0.0664
0.0100, 0.488, 0.008949011273682117, 0.0536
0.0100, 0.488, 0.00958901447802782, 0.0532
0.0100, 0.487, 0.008063009895384311, 0.0426
0.0100, 0.487, 0.010251584641635418, 0.0468
0.0100, 0.487, 0.008122262995690107, 0.0571
0.0100, 0.486, 0.0069624525792896744, 0.0456
0.0100, 0.486, 0.007324167139828205, 0.0497
0.0100, 0.485, 0.008125748835504055, 0.0440
0.0100, 0.485, 0.008753035370260478, 0.0477
0.0100, 0.485, 0.008801665917038917, 0.0537
0.0100, 0.484, 0.009873508341610432, 0.0580
0.0100, 0.484, 0.008514707937836647, 0.0533
0.0100, 0.483, 0.008728324096649885, 0.0511
0.0100, 0.483, 0.009600107222795487, 0.0479
0.0100, 0.483, 0.0076163987442851066, 0.0471
0.0100, 0.482, 0.009062704659998417, 0.0460
0.0100, 0.482, 0.008588073551654815, 0.0470
0.0100, 0.481, 0.009730830512940884, 0.0441
0.0100, 0.481, 0.008397462740540505, 0.0597
0.0100, 0.481, 0.007950255423784256, 0.0395
0.0100, 0.480, 0.00933727254718542, 0.0478
0.0100, 0.480, 0.007674376897513866, 0.0465
0.0100, 0.479, 0.008152576208114624, 0.0507
0.0100, 0.479, 0.008585055507719517, 0.0430
0.0100, 0.479, 0.010484671212732792, 0.0754
0.0100, 0.478, 0.008837171025574207, 0.0521
0.0100, 0.478, 0.008345581509172917, 0.0468
0.0100, 0.477, 0.007200884863734245, 0.0469
0.0100, 0.477, 0.009142331965267658, 0.0449
0.0100, 0.477, 0.009245961777865887, 0.0485
0.0100, 0.476, 0.008405018515884877, 0.0558
0.0100, 0.476, 0.008628388352692128, 0.0624
0.0100, 0.475, 0.010069540694355965, 0.0582
0.0100, 0.475, 0.01131282103061676, 0.0699
0.0100, 0.475, 0.008685976438224316, 0.0478
0.0100, 0.474, 0.007882920935750007, 0.0475
0.0100, 0.474, 0.010396220453083515, 0.0553
0.0100, 0.473, 0.006886354271322489, 0.0504
0.0100, 0.473, 0.00926900191232562, 0.0465
0.0100, 0.473, 0.00838584591448307, 0.0450
0.0100, 0.472, 0.00819260384887457, 0.0533
0.0100, 0.472, 0.008509428273886442, 0.0466
0.0100, 0.471, 0.007718621719628572, 0.0512
0.0100, 0.471, 0.009111703101545573, 0.0512
0.0100, 0.471, 0.009106153152883052, 0.0529
0.0100, 0.470, 0.008619469985365868, 0.0572
0.0100, 0.470, 0.008011870630085469, 0.0456
0.0100, 0.470, 0.008597224056720733, 0.0416
0.0100, 0.469, 0.008872366167604923, 0.0450
0.0100, 0.469, 0.00809754230082035, 0.0512
0.0100, 0.468, 0.009371355764567851, 0.0514
0.0100, 0.468, 0.007486264571547508, 0.0475
0.0100, 0.468, 0.009048890508711337, 0.0590
0.0100, 0.467, 0.009562586948275565, 0.0734
0.0100, 0.467, 0.007872056979686022, 0.0398
0.0100, 0.466, 0.009501536250114441, 0.0462
0.0100, 0.466, 0.006854422844946384, 0.0402
0.0100, 0.466, 0.00809407913684845, 0.0429
0.0100, 0.465, 0.010256991147994995, 0.0460
0.0100, 0.465, 0.008825228698551655, 0.0475
0.0100, 0.464, 0.008122819289565087, 0.0526
0.0100, 0.464, 0.007054283194243908, 0.0435
0.0100, 0.464, 0.009170100070536136, 0.0467
0.0100, 0.463, 0.007550006408244371, 0.0471
0.0100, 0.463, 0.008005808886140584, 0.0461
0.0100, 0.462, 0.010242741897702218, 0.0579
0.0100, 0.462, 0.008714672662317752, 0.0449
0.0100, 0.462, 0.008281049609184266, 0.0456
0.0100, 0.461, 0.012051144279539586, 0.0830
0.0100, 0.461, 0.009494750186800956, 0.0520
0.0100, 0.460, 0.009317803401499987, 0.0596
0.0100, 0.460, 0.009963976286351681, 0.0629
0.0100, 0.460, 0.010173173800110817, 0.0523
0.0100, 0.459, 0.008607644371688365, 0.0547
0.0100, 0.459, 0.008533552214503288, 0.0588
0.0100, 0.458, 0.007376221366226673, 0.0452
0.0100, 0.458, 0.009291477166116238, 0.0549
0.0100, 0.458, 0.007542567394673824, 0.0439
0.0100, 0.457, 0.008413252152502536, 0.0489
0.0100, 0.457, 0.008303625017404555, 0.0460
0.0100, 0.456, 0.008261645413935184, 0.0559
0.0100, 0.456, 0.009020225696265698, 0.0500
0.0100, 0.456, 0.00840622965618968, 0.0471
0.0100, 0.455, 0.00720764696970582, 0.0449
0.0100, 0.455, 0.006971002575010061, 0.0581
0.0100, 0.454, 0.006682552438229322, 0.0446
0.0100, 0.454, 0.009894350491464138, 0.0701
0.0100, 0.454, 0.01006176833808422, 0.0662
0.0100, 0.453, 0.01047777123749256, 0.0569
0.0100, 0.453, 0.00758747697994113, 0.0541
0.0100, 0.452, 0.00772323577851057, 0.0536
0.0100, 0.452, 0.008325217179954053, 0.0477
0.0100, 0.452, 0.009353873819112778, 0.0637
0.0100, 0.451, 0.008413705162703991, 0.0464
0.0100, 0.451, 0.008669399455189705, 0.0471
0.0100, 0.451, 0.008831178165972233, 0.0441
0.0100, 0.450, 0.0071203714311122894, 0.0497
0.0100, 0.450, 0.00888307934626937, 0.0479
0.0100, 0.449, 0.009937171041965485, 0.0592
0.0100, 0.449, 0.008368007831275464, 0.0448
0.0100, 0.449, 0.009077108584344388, 0.0452
0.0100, 0.448, 0.010402610562741756, 0.0471
0.0100, 0.448, 0.01031750637292862, 0.0459
0.0100, 0.447, 0.00872857229039073, 0.0460
0.0100, 0.447, 0.00794250762462616, 0.0521
0.0100, 0.447, 0.010724620185792446, 0.0684
0.0100, 0.446, 0.009006318144500255, 0.0457
0.0100, 0.446, 0.009758077703416348, 0.0494
0.0100, 0.445, 0.009291001979261637, 0.0477
0.0100, 0.445, 0.009517182022333145, 0.0697
0.0100, 0.445, 0.0064163971617817875, 0.0492
0.0100, 0.444, 0.01093574059009552, 0.0702
0.0100, 0.444, 0.010079839386045933, 0.0577
0.0100, 0.443, 0.009995614513754844, 0.0711
0.0100, 0.443, 0.008674765311181545, 0.0484
0.0100, 0.443, 0.009166475243866443, 0.0516
0.0100, 0.442, 0.008592336647212505, 0.0548
0.0100, 0.442, 0.010413029007613659, 0.0677
0.0100, 0.441, 0.011079889833927154, 0.0697
0.0100, 0.441, 0.008821780923753977, 0.0504
0.0100, 0.441, 0.00937303688377142, 0.0486
0.0100, 0.440, 0.009774638384580613, 0.0635
0.0100, 0.440, 0.00828376155346632, 0.0629
0.0100, 0.439, 0.009564934842288495, 0.0510
0.0100, 0.439, 0.008316525470465422, 0.0472
0.0100, 0.439, 0.008452250681817531, 0.0441
0.0100, 0.438, 0.009118548765778542, 0.0652
0.0100, 0.438, 0.009743397414684296, 0.0597
0.0100, 0.437, 0.00952736234664917, 0.0520
0.0100, 0.437, 0.007735009342432022, 0.0565
0.0100, 0.437, 0.008662994973361492, 0.0423
0.0100, 0.436, 0.009116667613387109, 0.0472
0.0100, 0.436, 0.007918024003505707, 0.0539
0.0100, 0.435, 0.008428090084344149, 0.0435
0.0100, 0.435, 0.009473125874996186, 0.0632
0.0100, 0.435, 0.0102398739233613, 0.0552
0.0100, 0.434, 0.00875180733948946, 0.0514
0.0100, 0.434, 0.008087715085595847, 0.0457
0.0100, 0.433, 0.008140789426863193, 0.0487
0.0100, 0.433, 0.007065079133957625, 0.0582
0.0100, 0.433, 0.008377930372953415, 0.0451
0.0100, 0.432, 0.00861019467189908, 0.0432
0.0100, 0.432, 0.009089154541492462, 0.0463
0.0100, 0.431, 0.008753405086696147, 0.0541
0.0100, 0.431, 0.009034328963607549, 0.0506
0.0100, 0.431, 0.006605676207691431, 0.0463
0.0100, 0.430, 0.010719997256994247, 0.0701
0.0100, 0.430, 0.009369976550340652, 0.0553
0.0100, 0.429, 0.00900464455038309, 0.0480
0.0100, 0.429, 0.00708304063975811, 0.0526
0.0100, 0.429, 0.008882670529186726, 0.0486
0.0100, 0.428, 0.008862527944147587, 0.0443
0.0100, 0.428, 0.00804359132796526, 0.0457
0.0100, 0.427, 0.008466525338590145, 0.0607
0.0100, 0.427, 0.0078846934735775, 0.0416
0.0100, 0.427, 0.008637821391224862, 0.0455
0.0100, 0.426, 0.00865140700340271, 0.0471
0.0100, 0.426, 0.007590688079595566, 0.0476
0.0100, 0.426, 0.00934441576898098, 0.0481
0.0100, 0.425, 0.009468338310718536, 0.0480
0.0100, 0.425, 0.007873369693756103, 0.0477
0.0100, 0.424, 0.009566057652235031, 0.0628
0.0100, 0.424, 0.009435583040118217, 0.0515
0.0100, 0.423, 0.01206346419453621, 0.0710
0.0100, 0.423, 0.008663231864571571, 0.0455
0.0100, 0.423, 0.008211238235235214, 0.0434
0.0100, 0.422, 0.010620296478271484, 0.0503
0.0100, 0.422, 0.008960929982364177, 0.0610
0.0100, 0.422, 0.010964293770492076, 0.0588
0.0100, 0.421, 0.009519799903035165, 0.0484
0.0100, 0.421, 0.009565098091959953, 0.0645
0.0100, 0.420, 0.00948612354695797, 0.0564
0.0100, 0.420, 0.009442645356059074, 0.0557
0.0100, 0.420, 0.007776427231729031, 0.0513
0.0100, 0.419, 0.0069472454153001306, 0.0447
0.0100, 0.419, 0.008434043273329734, 0.0430
0.0100, 0.418, 0.007731302820146084, 0.0458
0.0100, 0.418, 0.008313673257827758, 0.0488
0.0100, 0.418, 0.009394557125866412, 0.0496
0.0100, 0.417, 0.00845411779731512, 0.0593
0.0100, 0.417, 0.009907702811062336, 0.0489
0.0100, 0.416, 0.008606041595339776, 0.0493
0.0100, 0.416, 0.007618641041219234, 0.0561
0.0100, 0.416, 0.008899006478488446, 0.0511
0.0100, 0.415, 0.009818003214895725, 0.0532
0.0100, 0.415, 0.010521184489130973, 0.0619
0.0100, 0.414, 0.009268380761146545, 0.0521
0.0100, 0.414, 0.010058911800384521, 0.0570
0.0100, 0.414, 0.009570189110934735, 0.0507
0.0100, 0.413, 0.008859743684530259, 0.0499
0.0100, 0.413, 0.00890017420053482, 0.0577
0.0100, 0.412, 0.008163877040147781, 0.0452
0.0100, 0.412, 0.00858816472440958, 0.0469
0.0100, 0.412, 0.01109081568568945, 0.0662
0.0100, 0.411, 0.009149697527289391, 0.0602
0.0100, 0.411, 0.008466262906789779, 0.0468
0.0100, 0.411, 0.007015352435410023, 0.0519
0.0100, 0.410, 0.009253669552505017, 0.0591
0.0100, 0.410, 0.008117766670882702, 0.0446
0.0100, 0.409, 0.009970965169370174, 0.0487
0.0100, 0.409, 0.009604094438254834, 0.0482
0.0100, 0.408, 0.008422552309930324, 0.0507
0.0100, 0.408, 0.010168123118579387, 0.0525
0.0100, 0.408, 0.0082195592969656, 0.0423
0.0100, 0.407, 0.00782227285578847, 0.0454
0.0100, 0.407, 0.007526621244847775, 0.0431
0.0100, 0.407, 0.010730473101139068, 0.0504
0.0100, 0.406, 0.008033516488969326, 0.0571
0.0100, 0.406, 0.0098242102637887, 0.0499
0.0100, 0.405, 0.006486855290830136, 0.0420
0.0100, 0.405, 0.007515360660851002, 0.0426
0.0100, 0.405, 0.008671843461692334, 0.0452
0.0100, 0.404, 0.008793725401163102, 0.0450
0.0100, 0.404, 0.007177923060953617, 0.0593
0.0100, 0.403, 0.00964958669990301, 0.0511
0.0100, 0.403, 0.008380512826144696, 0.0460
0.0100, 0.403, 0.010396864488720894, 0.0527
0.0100, 0.402, 0.0074726779237389565, 0.0561
0.0100, 0.402, 0.007603567980229854, 0.0429
0.0100, 0.401, 0.008121004033833742, 0.0450
0.0100, 0.401, 0.011121652066707611, 0.0774
0.0100, 0.401, 0.009188300631940365, 0.0501
0.0100, 0.400, 0.010002403929829597, 0.0481
0.0100, 0.400, 0.009144659630954266, 0.0511
0.0100, 0.399, 0.007928459249436855, 0.0479
0.0100, 0.399, 0.01149444767087698, 0.0655
0.0100, 0.399, 0.0075493244752287865, 0.0566
0.0100, 0.398, 0.00894268849492073, 0.0532
0.0100, 0.398, 0.008112840920686721, 0.0436
0.0100, 0.397, 0.007045116305351257, 0.0473
0.0100, 0.397, 0.009296051181852817, 0.0455
0.0100, 0.397, 0.010558944545686245, 0.0671
0.0100, 0.396, 0.009167076833546162, 0.0525
0.0100, 0.396, 0.012098642133176327, 0.0771
0.0100, 0.395, 0.010749743424355983, 0.0615
0.0100, 0.395, 0.00945956952124834, 0.0698
0.0100, 0.395, 0.008731609880924225, 0.0506
0.0100, 0.394, 0.01223278172314167, 0.0716
0.0100, 0.394, 0.009028888545930385, 0.0495
0.0100, 0.394, 0.00861356272548437, 0.0474
0.0100, 0.393, 0.009127590261399745, 0.0459
0.0100, 0.393, 0.008965997733175754, 0.0534
0.0100, 0.392, 0.010031143806874752, 0.0534
0.0100, 0.392, 0.00886942944675684, 0.0545
0.0100, 0.392, 0.010178149901330471, 0.0486
0.0100, 0.391, 0.00985723876953125, 0.0480
0.0100, 0.391, 0.009650699004530907, 0.0555
0.0100, 0.390, 0.010947995983064175, 0.0695
0.0100, 0.390, 0.009138221267610788, 0.0549
0.0100, 0.390, 0.00960302509367466, 0.0468
0.0100, 0.389, 0.00875784519314766, 0.0499
0.0100, 0.389, 0.008352376468479633, 0.0488
0.0100, 0.388, 0.008199855208396912, 0.0477
0.0100, 0.388, 0.007101438499987125, 0.0502
0.0100, 0.388, 0.006455882851034403, 0.0582
0.0100, 0.387, 0.008530383229255676, 0.0451
0.0100, 0.387, 0.010664342403411865, 0.0755
0.0100, 0.386, 0.009180359698832035, 0.0479
0.0100, 0.386, 0.008074811220169068, 0.0467
0.0100, 0.386, 0.008813047625124455, 0.0493
0.0100, 0.385, 0.01065895413607359, 0.0504
0.0100, 0.385, 0.011200834289193154, 0.0709
0.0100, 0.384, 0.009716873407363892, 0.0489
0.0100, 0.384, 0.00886894242465496, 0.0485
0.0100, 0.384, 0.008898200500756502, 0.0484
0.0100, 0.383, 0.009543284229934215, 0.0478
0.0100, 0.383, 0.00892753691971302, 0.0519
0.0100, 0.382, 0.008560926221311093, 0.0545
0.0100, 0.382, 0.00822265725582838, 0.0423
0.0100, 0.382, 0.009009814240038395, 0.0613
0.0100, 0.381, 0.007787884265184402, 0.0507
0.0100, 0.381, 0.007554494559764862, 0.0545
0.0100, 0.380, 0.009711889453232288, 0.0503
0.0100, 0.380, 0.01115086291730404, 0.0797
0.0100, 0.380, 0.009457560118287802, 0.0666
0.0100, 0.379, 0.009172504790127278, 0.0497
0.0100, 0.379, 0.008374362625181675, 0.0509
0.0100, 0.378, 0.00896127950400114, 0.0482
0.0100, 0.378, 0.01050755563378334, 0.0670
0.0100, 0.378, 0.010385323449969291, 0.0577
0.0100, 0.377, 0.010964839369058609, 0.0679
0.0100, 0.377, 0.009386936619877816, 0.0629
0.0100, 0.376, 0.008109719209372998, 0.0480
0.0100, 0.376, 0.010871611416339874, 0.0536
0.0100, 0.376, 0.006565990019589662, 0.0501
0.0100, 0.375, 0.01074794851988554, 0.0566
0.0100, 0.375, 0.007506262443959713, 0.0524
0.0100, 0.374, 0.008326785050332547, 0.0438
0.0100, 0.374, 0.010783532686531544, 0.0650
0.0100, 0.374, 0.007979500897228717, 0.0447
0.0100, 0.373, 0.007576686505228281, 0.0516
0.0100, 0.373, 0.00780099606141448, 0.0458
0.0100, 0.372, 0.009398271329700947, 0.0582
0.0100, 0.372, 0.007646810993552208, 0.0407
0.0100, 0.372, 0.009922244742512703, 0.0572
0.0100, 0.371, 0.007494852710515261, 0.0452
0.0100, 0.371, 0.0067568387538194654, 0.0467
0.0100, 0.370, 0.00743225859105587, 0.0459
0.0100, 0.370, 0.007611585952341557, 0.0389
0.0100, 0.370, 0.007094657186418772, 0.0388
0.0100, 0.369, 0.006959452297538519, 0.0368
0.0100, 0.369, 0.00997437522560358, 0.0570
0.0100, 0.368, 0.005859132975339889, 0.0413
0.0100, 0.368, 0.009808661796152592, 0.0608
0.0100, 0.368, 0.008468869142234325, 0.0449
0.0100, 0.367, 0.00747987849265337, 0.0426
0.0100, 0.367, 0.0072926776558160785, 0.0416
0.0100, 0.367, 0.008341892093420029, 0.0467
0.0100, 0.366, 0.007107776924967766, 0.0436
0.0100, 0.366, 0.007740003131330013, 0.0538
0.0100, 0.365, 0.012096483990550041, 0.0904
0.0100, 0.365, 0.009014166705310345, 0.0818
0.0100, 0.365, 0.007380378544330597, 0.0447
0.0100, 0.364, 0.007674075048416853, 0.0446
0.0100, 0.364, 0.008582253634929657, 0.0505
0.0100, 0.363, 0.00972602916508913, 0.0514
0.0100, 0.363, 0.008283350825309753, 0.0448
0.0100, 0.363, 0.008540106728672982, 0.0508
0.0100, 0.362, 0.009286819890141487, 0.0506
0.0100, 0.362, 0.007518959902226925, 0.0492
0.0100, 0.361, 0.008567602418363095, 0.0431
0.0100, 0.361, 0.008695733677595853, 0.0505
0.0100, 0.361, 0.007718425650149584, 0.0504
0.0100, 0.360, 0.008602693036198617, 0.0436
0.0100, 0.360, 0.006419068638235331, 0.0360
0.0100, 0.359, 0.007442845098674297, 0.0486
0.0100, 0.359, 0.00943087863177061, 0.0587
0.0100, 0.359, 0.007344748947769404, 0.0458
0.0100, 0.358, 0.009238349713385104, 0.0468
0.0100, 0.358, 0.009211196005344391, 0.0516
0.0100, 0.357, 0.008758735664188862, 0.0442
0.0100, 0.357, 0.007903550773859024, 0.0410
0.0100, 0.357, 0.007791616506874561, 0.0410
0.0100, 0.356, 0.007792927078902721, 0.0448
0.0100, 0.356, 0.00725403193384409, 0.0389
0.0100, 0.355, 0.008349997967481614, 0.0445
0.0100, 0.355, 0.00920812901854515, 0.0545
0.0100, 0.355, 0.009330340579152108, 0.0576
0.0100, 0.354, 0.009685519576072693, 0.0497
0.0100, 0.354, 0.008736225925385952, 0.0453
0.0100, 0.353, 0.008281825564801693, 0.0586
0.0100, 0.353, 0.008249664168804884, 0.0462
0.0100, 0.353, 0.007214761730283499, 0.0504
0.0100, 0.352, 0.00663214685022831, 0.0393
0.0100, 0.352, 0.009703259244561195, 0.0490
0.0100, 0.352, 0.011065709471702576, 0.0707
0.0100, 0.351, 0.009743077218532563, 0.0545
0.0100, 0.351, 0.007918560106307268, 0.0453
0.0100, 0.350, 0.008858552604913712, 0.0483
0.0100, 0.350, 0.007700968950986862, 0.0489
0.0100, 0.350, 0.007729943059384823, 0.0466
0.0100, 0.349, 0.009981874514371157, 0.0459
0.0100, 0.349, 0.007548083402216434, 0.0497
0.0100, 0.348, 0.00813995586335659, 0.0515
0.0100, 0.348, 0.0075404694750905036, 0.0646
0.0100, 0.348, 0.010093628190457822, 0.0506
0.0100, 0.347, 0.00807532212883234, 0.0444
0.0100, 0.347, 0.009057491824030876, 0.0490
0.0100, 0.346, 0.007955886855721473, 0.0429
0.0100, 0.346, 0.006161765243858099, 0.0392
0.0100, 0.346, 0.008951676346361638, 0.0513
0.0100, 0.345, 0.010963972575962544, 0.0646
0.0100, 0.345, 0.007097576651722193, 0.0419
0.0100, 0.344, 0.008636618241667747, 0.0453
0.0100, 0.344, 0.008424078442156315, 0.0458
0.0100, 0.344, 0.007764607630670071, 0.0490
0.0100, 0.343, 0.009231027621775866, 0.0517
0.0100, 0.343, 0.010129310943186283, 0.0504
0.0100, 0.342, 0.00787244488671422, 0.0545
0.0100, 0.342, 0.009107215009629726, 0.0471
0.0100, 0.342, 0.009529057506471872, 0.0472
0.0100, 0.341, 0.006444520629942417, 0.0497
0.0100, 0.341, 0.010044829912483693, 0.0490
0.0100, 0.340, 0.007814478278160095, 0.0418
0.0100, 0.340, 0.0071786133982241155, 0.0454
0.0100, 0.340, 0.006141550447791815, 0.0425
0.0100, 0.339, 0.007876630790531636, 0.0389
0.0100, 0.339, 0.010225391685962678, 0.0677
0.0100, 0.338, 0.009091601453721523, 0.0479
0.0100, 0.338, 0.007774720132350922, 0.0491
0.0100, 0.338, 0.012176692582666874, 0.0609
0.0100, 0.337, 0.010469095677137375, 0.0591
0.0100, 0.337, 0.00852622526884079, 0.0531
0.0100, 0.336, 0.010135997459292412, 0.0490
0.0100, 0.336, 0.007826816353946924, 0.0448
0.0100, 0.336, 0.008478528384119272, 0.0458
0.0100, 0.335, 0.007615338873118162, 0.0425
0.0100, 0.335, 0.009684308491647243, 0.0501
0.0100, 0.334, 0.006853118486702442, 0.0457
0.0100, 0.334, 0.00944210735708475, 0.0495
0.0100, 0.334, 0.009000576123595238, 0.0503
0.0100, 0.333, 0.008749931447207928, 0.0584
0.0100, 0.333, 0.008842081226408482, 0.0499
0.0100, 0.332, 0.008394734617322683, 0.0445
0.0100, 0.332, 0.010765279673039913, 0.0605
0.0100, 0.332, 0.008796196445822716, 0.0506
0.0100, 0.331, 0.009840128630399705, 0.0649
0.0100, 0.331, 0.008657081089913844, 0.0531
0.0100, 0.330, 0.009364210359752179, 0.0678
0.0100, 0.330, 0.00898021898791194, 0.0511
0.0100, 0.330, 0.007482384223490953, 0.0422
0.0100, 0.329, 0.009931799136102199, 0.0520
0.0100, 0.329, 0.00816135060787201, 0.0564
0.0100, 0.328, 0.008829976335167885, 0.0459
0.0100, 0.328, 0.008159641318023205, 0.0454
0.0100, 0.328, 0.006782485641539097, 0.0471
0.0100, 0.327, 0.007961347095668316, 0.0451
0.0100, 0.327, 0.007038162827491761, 0.0396
0.0100, 0.326, 0.007526293933391571, 0.0370
0.0100, 0.326, 0.005657228680327535, 0.0351
0.0100, 0.326, 0.009264443479478359, 0.0499
0.0100, 0.325, 0.006299657128751278, 0.0421
0.0100, 0.325, 0.008706956699490547, 0.0426
0.0100, 0.324, 0.008331905666738748, 0.0428
0.0100, 0.324, 0.007138665072619915, 0.0473
0.0100, 0.324, 0.006809848669916392, 0.0385
0.0100, 0.323, 0.0073374142944812775, 0.0414
0.0100, 0.323, 0.0072553975805640224, 0.0397
0.0100, 0.323, 0.006378384623676538, 0.0395
0.0100, 0.322, 0.007991254549473524, 0.0438
0.0100, 0.322, 0.006616732474416494, 0.0362
0.0100, 0.321, 0.007757813841104508, 0.0472
0.0100, 0.321, 0.007361031427979469, 0.0396
0.0100, 0.321, 0.009401054732501506, 0.0626
0.0100, 0.320, 0.010307352416217327, 0.0545
0.0100, 0.320, 0.010311066098511219, 0.0521
0.0100, 0.319, 0.007683956626802683, 0.0448
0.0100, 0.319, 0.009338580004870891, 0.0541
0.0100, 0.319, 0.008162753917276859, 0.0592
0.0100, 0.318, 0.00760213016346097, 0.0550
0.0100, 0.318, 0.008039297483861447, 0.0413
0.0100, 0.317, 0.010416636317968369, 0.0680
0.0100, 0.317, 0.009241501063108445, 0.0495
0.0100, 0.317, 0.00760315328836441, 0.0459
0.0100, 0.316, 0.00826302994042635, 0.0676
0.0100, 0.316, 0.007138315860182047, 0.0482
0.0100, 0.315, 0.012193309910595416, 0.0905
0.0100, 0.315, 0.009435022667050362, 0.0481
0.0100, 0.315, 0.009124434724450112, 0.0442
0.0100, 0.314, 0.007627501606941223, 0.0447
0.0100, 0.314, 0.008966383561491965, 0.0465
0.0100, 0.313, 0.008194938085973262, 0.0523
0.0100, 0.313, 0.007242707066237927, 0.0438
0.0100, 0.313, 0.006064674019813538, 0.0397
0.0100, 0.312, 0.008920376040041447, 0.0552
0.0100, 0.312, 0.006964007314294577, 0.0408
0.0100, 0.311, 0.010070773124694824, 0.0555
0.0100, 0.311, 0.00809645414352417, 0.0422
0.0100, 0.311, 0.007359828498214483, 0.0551
0.0100, 0.310, 0.009439509697258472, 0.0452
0.0100, 0.310, 0.005812408473342657, 0.0404
0.0100, 0.309, 0.01037612733989954, 0.0636
0.0100, 0.309, 0.008461883902549743, 0.0469
0.0100, 0.309, 0.009547252908349037, 0.0460
0.0100, 0.308, 0.00907907323166728, 0.0532
0.0100, 0.308, 0.008374741144478321, 0.0460
0.0100, 0.308, 0.010291531249880791, 0.0553
0.0100, 0.307, 0.00856961552798748, 0.0486
0.0100, 0.307, 0.008002699725329876, 0.0576
0.0100, 0.306, 0.008675537161529065, 0.0449
0.0100, 0.306, 0.008780914351344109, 0.0466
0.0100, 0.306, 0.008384230595082044, 0.0465
0.0100, 0.305, 0.008054299704730511, 0.0460
0.0100, 0.305, 0.008677870504558087, 0.0444
0.0100, 0.304, 0.008324825774878263, 0.0408
0.0100, 0.304, 0.008712631143629551, 0.0410
0.0100, 0.304, 0.007355515222996474, 0.0455
0.0100, 0.303, 0.006287997666746378, 0.0411
0.0100, 0.303, 0.009574511095881462, 0.0519
0.0100, 0.302, 0.007653162069618702, 0.0545
0.0100, 0.302, 0.010871046476066112, 0.0614
0.0100, 0.302, 0.007052438922226429, 0.0426
0.0100, 0.301, 0.008209701664745807, 0.0415
0.0100, 0.301, 0.008020697645843029, 0.0430
0.0100, 0.300, 0.008774923995137214, 0.0445
0.0100, 0.300, 0.010297536492347718, 0.0560
0.0100, 0.300, 0.007550333082675934, 0.0415
0.0100, 0.870, 0.011958406917750835, 0.1001
